1,1,740.8,293.73,117.05,92.71,1,1,1.0
1,2,636.2,166.21,64.0,46.85,1,1,1.0
1,3,363.94,197.73,64.05,58.31,1,1,1.0
1,4,293.73,167.64,55.45,48.29,1,1,1.0
2,1,736.5,288.71,116.1,91.04,1,1,1.0
2,2,635.2,164.54,63.85,46.85,1,1,1.0
2,3,363.94,198.93,63.81,58.78,1,1,1.0
2,4,293.97,167.41,54.73,48.52,1,1,1.0
3,1,732.2,283.7,115.15,89.36,1,1,1.0
3,2,634.25,162.87,63.6,46.85,1,1,1.0
3,3,363.94,200.12,63.57,59.27,1,1,1.0
3,4,294.21,167.16,54.02,48.77,1,1,1.0
4,1,727.9,278.69,114.15,87.69,1,1,1.0
4,2,633.3,161.19,63.35,46.85,1,1,1.0
4,3,363.94,201.32,63.33,59.74,1,1,1.0
4,4,294.45,166.93,53.3,49.0,1,1,1.0
5,1,723.6,273.67,113.2,86.02,1,1,1.0
5,2,632.35,159.52,63.1,46.86,1,1,1.0
5,3,363.94,202.51,63.09,60.22,1,1,1.0
5,4,294.69,166.69,52.58,49.24,1,1,1.0
6,1,719.3,268.65,112.25,84.35,1,1,1.0
6,2,631.4,157.85,62.85,46.85,1,1,1.0
6,3,363.94,203.7,62.85,60.7,1,1,1.0
6,4,294.93,166.45,51.86,49.48,1,1,1.0
7,1,715.0,263.64,111.3,82.68,1,1,1.0
7,2,630.45,156.18,62.6,46.85,1,1,1.0
7,3,363.94,204.9,62.61,61.17,1,1,1.0
7,4,295.17,166.21,51.15,49.72,1,1,1.0
8,1,712.1,259.58,110.15,81.72,1,1,1.0
8,2,629.95,154.51,61.2,46.61,1,1,1.0
8,3,362.99,205.38,64.52,61.89,1,1,1.0
8,4,295.4,165.5,50.92,50.19,1,1,1.0
9,1,709.25,255.52,108.95,80.77,1,1,1.0
9,2,629.5,152.84,59.75,46.37,1,1,1.0
9,3,362.03,205.85,66.43,62.61,1,1,1.0
9,4,295.64,164.78,50.68,50.67,1,1,1.0
10,1,706.4,251.47,107.75,79.8,1,1,1.0
10,2,629.0,151.16,58.35,46.14,1,1,1.0
10,3,361.07,206.33,68.35,63.32,1,1,1.0
10,4,295.88,164.06,50.44,51.15,1,1,1.0
11,1,703.5,247.41,106.55,78.85,1,1,1.0
11,2,628.55,149.5,56.85,45.89,1,1,1.0
11,3,360.12,206.81,70.26,64.04,1,1,1.0
11,4,296.12,163.35,50.2,51.62,1,1,1.0
12,1,700.65,243.35,105.35,77.89,1,1,1.0
12,2,628.05,147.82,55.45,45.66,1,1,1.0
12,3,359.17,207.29,72.16,64.76,1,1,1.0
12,4,296.36,162.63,49.96,52.1,1,1,1.0
13,1,697.8,239.29,104.15,76.94,1,1,1.0
13,2,627.6,146.15,54.0,45.42,1,1,1.0
13,3,358.21,207.76,74.08,65.48,1,1,1.0
13,4,296.6,161.91,49.72,52.59,1,1,1.0
14,1,696.35,235.7,101.55,75.27,1,1,1.0
14,2,626.4,144.96,54.5,45.17,1,1,1.0
14,3,358.45,208.48,73.6,65.71,1,1,1.0
14,4,296.36,161.67,49.96,53.3,1,1,1.0
15,1,694.95,232.12,98.9,73.59,1,1,1.0
15,2,625.2,143.76,54.95,44.94,1,1,1.0
15,3,358.69,209.19,73.12,65.96,1,1,1.0
15,4,296.12,161.44,50.2,54.01,1,1,1.0
16,1,693.5,228.54,96.3,71.92,1,1,1.0
16,2,624.0,142.57,55.45,44.7,1,1,1.0
16,3,358.93,209.91,72.64,66.2,1,1,1.0
16,4,295.88,161.19,50.44,54.74,1,1,1.0
17,1,692.05,224.96,93.65,70.25,1,1,1.0
17,2,622.8,141.38,55.95,44.46,1,1,1.0
17,3,359.17,210.63,72.16,66.43,1,1,1.0
17,4,295.64,160.96,50.68,55.45,1,1,1.0
18,1,690.65,221.38,91.0,68.57,1,1,1.0
18,2,621.6,140.18,56.4,44.23,1,1,1.0
18,3,359.4,211.35,71.69,66.66,1,1,1.0
18,4,295.4,160.72,50.92,56.16,1,1,1.0
19,1,689.2,217.79,88.4,66.91,1,1,1.0
19,2,620.4,138.99,56.9,43.98,1,1,1.0
19,3,359.64,212.06,71.21,66.91,1,1,1.0
19,4,295.17,160.48,51.15,56.88,1,1,1.0
20,1,687.3,215.64,86.95,65.48,1,1,1.0
20,2,619.95,137.55,55.9,43.75,1,1,1.0
20,3,359.4,213.5,70.73,67.14,1,1,1.0
20,4,294.93,161.19,51.39,55.93,1,1,1.0
21,1,685.35,213.5,85.55,64.04,1,1,1.0
21,2,619.45,136.12,55.0,43.51,1,1,1.0
21,3,359.17,214.93,70.25,67.39,1,1,1.0
21,4,294.69,161.91,51.63,54.97,1,1,1.0
22,1,683.45,211.35,84.1,62.6,1,1,1.0
22,2,619.0,134.69,54.0,43.27,1,1,1.0
22,3,358.93,216.36,69.77,67.63,1,1,1.0
22,4,294.45,162.63,51.87,54.01,1,1,1.0
23,1,681.55,209.19,82.65,61.19,1,1,1.0
23,2,618.5,133.26,53.05,43.03,1,1,1.0
23,3,358.69,217.79,69.3,67.86,1,1,1.0
23,4,294.21,163.35,52.11,53.06,1,1,1.0
24,1,679.65,207.04,81.25,59.75,1,1,1.0
24,2,618.05,131.82,52.1,42.79,1,1,1.0
24,3,358.45,219.22,68.82,68.11,1,1,1.0
24,4,293.97,164.06,52.35,52.1,1,1,1.0
25,1,677.75,204.9,79.8,58.31,1,1,1.0
25,2,617.55,130.39,51.15,42.55,1,1,1.0
25,3,358.21,220.66,68.34,68.34,1,1,1.0
25,4,293.73,164.78,52.59,51.15,1,1,1.0
26,1,676.3,202.27,78.6,57.84,1,1,1.0
26,2,616.6,130.63,51.4,41.59,1,1,1.0
26,3,356.77,221.85,70.5,70.02,1,1,1.0
26,4,294.21,165.5,51.86,50.43,1,1,1.0
27,1,674.85,199.64,77.45,57.36,1,1,1.0
27,2,615.65,130.87,51.6,40.64,1,1,1.0
27,3,355.35,223.04,72.64,71.69,1,1,1.0
27,4,294.69,166.21,51.14,49.72,1,1,1.0
28,1,673.45,197.01,76.2,56.89,1,1,1.0
28,2,614.7,131.1,51.85,39.69,1,1,1.0
28,3,353.91,224.24,74.79,73.36,1,1,1.0
28,4,295.17,166.93,50.43,49.0,1,1,1.0
29,1,672.0,194.39,75.05,56.4,1,1,1.0
29,2,613.75,131.35,52.1,38.72,1,1,1.0
29,3,352.48,225.44,76.94,75.02,1,1,1.0
29,4,295.64,167.64,49.72,48.29,1,1,1.0
30,1,670.55,191.76,73.85,55.93,1,1,1.0
30,2,612.8,131.58,52.3,37.78,1,1,1.0
30,3,351.05,226.63,79.08,76.7,1,1,1.0
30,4,296.12,168.36,49.0,47.57,1,1,1.0
31,1,669.15,189.13,72.65,55.45,1,1,1.0
31,2,611.8,131.82,52.6,36.82,1,1,1.0
31,3,349.61,227.82,81.24,78.37,1,1,1.0
31,4,296.6,169.07,48.28,46.86,1,1,1.0
32,1,667.95,187.7,71.9,54.26,1,1,1.0
32,2,611.6,130.39,51.6,36.58,1,1,1.0
32,3,349.61,229.73,81.24,78.62,1,1,1.0
32,4,296.6,168.84,48.76,46.37,1,1,1.0
33,1,666.75,186.27,71.2,53.06,1,1,1.0
33,2,611.35,128.96,50.65,36.34,1,1,1.0
33,3,349.61,231.64,81.24,78.86,1,1,1.0
33,4,296.6,168.6,49.23,45.9,1,1,1.0
34,1,665.55,184.84,70.5,51.86,1,1,1.0
34,2,611.1,127.52,49.7,36.11,1,1,1.0
34,3,349.61,233.55,81.24,79.09,1,1,1.0
34,4,296.6,168.36,49.72,45.42,1,1,1.0
35,1,664.35,183.41,69.8,50.66,1,1,1.0
35,2,610.85,126.09,48.8,35.87,1,1,1.0
35,3,349.61,235.47,81.24,79.32,1,1,1.0
35,4,296.6,168.12,50.19,44.94,1,1,1.0
36,1,663.15,181.97,69.05,49.48,1,1,1.0
36,2,610.65,124.66,47.8,35.63,1,1,1.0
36,3,349.61,237.38,81.24,79.56,1,1,1.0
36,4,296.6,167.88,50.67,44.47,1,1,1.0
37,1,661.95,180.54,68.35,48.28,1,1,1.0
37,2,610.4,123.22,46.85,35.39,1,1,1.0
37,3,349.61,239.29,81.24,79.8,1,1,1.0
37,4,296.6,167.64,51.15,43.99,1,1,1.0
38,1,660.3,178.15,68.1,48.76,1,1,1.0
38,2,609.9,122.51,46.4,35.62,1,1,1.0
38,3,350.09,241.44,81.48,81.0,1,1,1.0
38,4,296.36,167.16,51.15,45.19,1,1,1.0
39,1,658.65,175.76,67.85,49.24,1,1,1.0
39,2,609.45,121.79,45.9,35.87,1,1,1.0
39,3,350.57,243.58,81.72,82.19,1,1,1.0
39,4,296.12,166.69,51.15,46.37,1,1,1.0
40,1,656.95,173.38,67.65,49.71,1,1,1.0
40,2,608.95,121.08,45.4,36.1,1,1,1.0
40,3,351.05,245.73,81.95,83.39,1,1,1.0
40,4,295.88,166.21,51.15,47.57,1,1,1.0
41,1,655.3,170.99,67.35,50.19,1,1,1.0
41,2,608.5,120.36,44.9,36.34,1,1,1.0
41,3,351.52,247.88,82.19,84.58,1,1,1.0
41,4,295.64,165.73,51.15,48.77,1,1,1.0
42,1,653.6,168.6,67.15,50.67,1,1,1.0
42,2,608.0,119.64,44.45,36.58,1,1,1.0
42,3,352.0,250.03,82.44,85.78,1,1,1.0
42,4,295.4,165.26,51.15,49.95,1,1,1.0
43,1,651.95,166.21,66.9,51.15,1,1,1.0
43,2,607.5,118.93,44.0,36.82,1,1,1.0
43,3,352.48,252.18,82.67,86.97,1,1,1.0
43,4,295.17,164.78,51.15,51.15,1,1,1.0
44,1,651.45,164.78,65.75,50.91,1,1,1.0
44,2,606.55,117.97,44.25,37.06,1,1,1.0
44,3,351.52,254.33,86.74,90.31,1,1,1.0
44,4,294.93,165.01,51.39,50.44,1,1,1.0
45,1,651.0,163.35,64.5,50.66,1,1,1.0
45,2,605.6,117.02,44.45,37.3,1,1,1.0
45,3,350.57,256.48,90.79,93.65,1,1,1.0
45,4,294.69,165.26,51.63,49.71,1,1,1.0
46,1,650.5,161.91,63.35,50.44,1,1,1.0
46,2,604.65,116.06,44.7,37.54,1,1,1.0
46,3,349.61,258.63,94.85,97.0,1,1,1.0
46,4,294.45,165.5,51.87,49.0,1,1,1.0
47,1,650.05,160.48,62.1,50.19,1,1,1.0
47,2,603.7,115.11,44.95,37.77,1,1,1.0
47,3,348.65,260.77,98.92,100.35,1,1,1.0
47,4,294.21,165.73,52.11,48.28,1,1,1.0
48,1,649.55,159.04,60.95,49.96,1,1,1.0
48,2,602.75,114.15,45.2,38.01,1,1,1.0
48,3,347.7,262.93,102.97,103.68,1,1,1.0
48,4,293.97,165.97,52.35,47.57,1,1,1.0
49,1,649.05,157.61,59.75,49.72,1,1,1.0
49,2,601.8,113.19,45.4,38.26,1,1,1.0
49,3,346.75,265.07,107.02,107.04,1,1,1.0
49,4,293.73,166.21,52.59,46.85,1,1,1.0
50,1,647.9,156.42,59.75,48.76,1,1,1.0
50,2,601.8,112.72,44.45,37.54,1,1,1.0
50,3,346.03,266.03,105.12,106.79,1,1,1.0
50,4,293.26,165.5,53.29,47.8,1,1,1.0
51,1,646.7,155.22,59.75,47.81,1,1,1.0
51,2,601.8,112.24,43.5,36.82,1,1,1.0
51,3,345.32,266.99,103.2,106.55,1,1,1.0
51,4,292.77,164.78,54.02,48.76,1,1,1.0
52,1,645.5,154.03,59.75,46.85,1,1,1.0
52,2,601.8,111.76,42.55,36.11,1,1,1.0
52,3,344.6,267.94,101.29,106.32,1,1,1.0
52,4,292.3,164.06,54.73,49.72,1,1,1.0
53,1,644.3,152.84,59.75,45.89,1,1,1.0
53,2,601.8,111.29,41.6,35.38,1,1,1.0
53,3,343.88,268.89,99.39,106.08,1,1,1.0
53,4,291.82,163.35,55.45,50.66,1,1,1.0
54,1,643.1,151.64,59.75,44.94,1,1,1.0
54,2,601.8,110.81,40.65,34.67,1,1,1.0
54,3,343.17,269.85,97.47,105.84,1,1,1.0
54,4,291.35,162.63,56.16,51.63,1,1,1.0
55,1,641.9,150.45,59.75,43.99,1,1,1.0
55,2,601.8,110.33,39.7,33.96,1,1,1.0
55,3,342.45,270.81,95.56,105.59,1,1,1.0
55,4,290.87,161.91,56.88,52.59,1,1,1.0
56,1,641.2,148.78,58.3,43.51,1,1,1.0
56,2,601.3,109.38,39.95,33.95,1,1,1.0
56,3,341.97,274.63,95.8,105.36,1,1,1.0
56,4,291.35,162.63,56.4,50.91,1,1,1.0
57,1,640.5,147.1,56.85,43.03,1,1,1.0
57,2,600.85,108.42,40.15,33.96,1,1,1.0
57,3,341.5,278.45,96.04,105.12,1,1,1.0
57,4,291.82,163.35,55.93,49.23,1,1,1.0
58,1,639.75,145.44,55.45,42.55,1,1,1.0
58,2,600.35,107.47,40.4,33.95,1,1,1.0
58,3,341.01,282.27,96.29,104.88,1,1,1.0
58,4,292.3,164.06,55.45,47.57,1,1,1.0
59,1,639.05,143.76,54.0,42.08,1,1,1.0
59,2,599.9,106.51,40.6,33.96,1,1,1.0
59,3,340.54,286.09,96.52,104.64,1,1,1.0
59,4,292.77,164.78,54.98,45.89,1,1,1.0
60,1,638.35,142.09,52.55,41.6,1,1,1.0
60,2,599.4,105.55,40.9,33.96,1,1,1.0
60,3,340.06,289.91,96.76,104.41,1,1,1.0
60,4,293.26,165.5,54.49,44.22,1,1,1.0
61,1,637.6,140.42,51.15,41.12,1,1,1.0
61,2,598.95,104.6,41.1,33.95,1,1,1.0
61,3,339.58,293.73,97.0,104.16,1,1,1.0
61,4,293.73,166.21,54.02,42.55,1,1,1.0
62,1,637.15,138.75,50.9,40.88,1,1,1.0
62,2,598.45,103.64,40.65,33.96,1,1,1.0
62,3,338.87,296.12,97.95,105.59,1,1,1.0
62,4,293.73,165.5,54.02,43.5,1,1,1.0
63,1,636.65,137.07,50.7,40.65,1,1,1.0
63,2,597.95,102.69,40.2,33.95,1,1,1.0
63,3,338.15,298.51,98.91,107.03,1,1,1.0
63,4,293.73,164.78,54.02,44.46,1,1,1.0
64,1,636.2,135.41,50.4,40.4,1,1,1.0
64,2,597.5,101.73,39.7,33.96,1,1,1.0
64,3,337.44,300.89,99.86,108.47,1,1,1.0
64,4,293.73,164.06,54.02,45.42,1,1,1.0
65,1,635.7,133.73,50.2,40.17,1,1,1.0
65,2,597.0,100.78,39.2,33.95,1,1,1.0
65,3,336.71,303.29,100.83,109.89,1,1,1.0
65,4,293.73,163.35,54.02,46.37,1,1,1.0
66,1,635.2,132.06,50.0,39.93,1,1,1.0
66,2,596.55,99.82,38.7,33.96,1,1,1.0
66,3,336.0,305.67,101.77,111.33,1,1,1.0
66,4,293.73,162.63,54.02,47.33,1,1,1.0
67,1,634.75,130.39,49.7,39.68,1,1,1.0
67,2,596.05,98.86,38.25,33.96,1,1,1.0
67,3,335.29,308.06,102.72,112.76,1,1,1.0
67,4,293.73,161.91,54.02,48.28,1,1,1.0
68,1,633.05,129.91,50.0,39.45,1,1,1.0
68,2,595.35,98.86,38.5,33.48,1,1,1.0
68,3,334.09,311.88,104.41,115.15,1,1,1.0
68,4,293.73,161.91,53.78,47.09,1,1,1.0
69,1,631.4,129.44,50.2,39.2,1,1,1.0
69,2,594.65,98.86,38.7,33.01,1,1,1.0
69,3,332.89,315.7,106.08,117.54,1,1,1.0
69,4,293.73,161.91,53.54,45.9,1,1,1.0
70,1,629.75,128.96,50.4,38.97,1,1,1.0
70,2,593.9,98.86,39.0,32.52,1,1,1.0
70,3,331.7,319.52,107.75,119.93,1,1,1.0
70,4,293.73,161.91,53.3,44.7,1,1,1.0
71,1,628.05,128.48,50.7,38.73,1,1,1.0
71,2,593.2,98.86,39.2,32.04,1,1,1.0
71,3,330.51,323.35,109.42,122.3,1,1,1.0
71,4,293.73,161.91,53.06,43.51,1,1,1.0
72,1,626.4,128.0,50.9,38.5,1,1,1.0
72,2,592.5,98.86,39.45,31.58,1,1,1.0
72,3,329.32,327.17,111.08,124.7,1,1,1.0
72,4,293.73,161.91,52.82,42.31,1,1,1.0
73,1,624.7,127.52,51.15,38.26,1,1,1.0
73,2,591.75,98.86,39.7,31.1,1,1,1.0
73,3,328.12,330.99,112.76,127.08,1,1,1.0
73,4,293.73,161.91,52.59,41.12,1,1,1.0
74,1,623.5,126.09,50.95,38.26,1,1,1.0
74,2,591.5,97.44,39.0,31.32,1,1,1.0
74,3,325.5,335.76,115.38,129.95,1,1,1.0
74,4,293.5,161.67,52.57,42.55,1,1,1.0
75,1,622.35,124.66,50.65,38.25,1,1,1.0
75,2,591.3,96.0,38.25,31.57,1,1,1.0
75,3,322.87,340.54,118.01,132.82,1,1,1.0
75,4,293.26,161.44,52.57,43.98,1,1,1.0
76,1,621.15,123.22,50.4,38.26,1,1,1.0
76,2,591.05,94.56,37.55,31.82,1,1,1.0
76,3,320.24,345.32,120.64,135.68,1,1,1.0
76,4,293.01,161.19,52.59,45.42,1,1,1.0
77,1,619.95,121.79,50.2,38.25,1,1,1.0
77,2,590.8,93.14,36.85,32.04,1,1,1.0
77,3,317.61,350.09,123.27,138.55,1,1,1.0
77,4,292.77,160.96,52.59,46.85,1,1,1.0
78,1,618.75,120.36,49.95,38.25,1,1,1.0
78,2,590.55,91.7,36.1,32.29,1,1,1.0
78,3,314.99,354.87,125.89,141.42,1,1,1.0
78,4,292.54,160.72,52.58,48.28,1,1,1.0
79,1,617.55,118.93,49.7,38.25,1,1,1.0
79,2,590.35,90.27,35.35,32.52,1,1,1.0
79,3,312.36,359.64,128.52,144.31,1,1,1.0
79,4,292.3,160.48,52.58,49.71,1,1,1.0
80,1,617.55,118.45,49.0,37.54,1,1,1.0
80,2,590.1,90.98,34.9,31.34,1,1,1.0
80,3,310.93,365.13,128.28,144.07,1,1,1.0
80,4,292.06,160.24,52.58,50.43,1,1,1.0
81,1,617.55,117.97,48.3,36.82,1,1,1.0
81,2,589.85,91.7,34.45,30.13,1,1,1.0
81,3,309.5,370.63,128.04,143.82,1,1,1.0
81,4,291.82,160.0,52.58,51.15,1,1,1.0
82,1,617.55,117.5,47.55,36.1,1,1,1.0
82,2,589.6,92.42,33.95,28.94,1,1,1.0
82,3,308.06,376.12,127.81,143.58,1,1,1.0
82,4,291.58,159.76,52.59,51.87,1,1,1.0
83,1,617.55,117.02,46.85,35.39,1,1,1.0
83,2,589.35,93.14,33.5,27.74,1,1,1.0
83,3,306.63,381.61,127.56,143.34,1,1,1.0
83,4,291.35,159.52,52.58,52.58,1,1,1.0
84,1,617.55,116.54,46.15,34.67,1,1,1.0
84,2,589.15,93.85,33.0,26.56,1,1,1.0
84,3,305.19,387.11,127.33,143.09,1,1,1.0
84,4,291.11,159.29,52.58,53.29,1,1,1.0
85,1,617.55,116.06,45.4,33.95,1,1,1.0
85,2,588.9,94.56,32.5,25.36,1,1,1.0
85,3,303.76,392.6,127.09,148.4,1,1,1.0
85,4,290.87,159.04,52.58,54.02,1,1,1.0
86,1,617.05,115.35,44.75,33.71,1,1,1.0
86,2,588.65,93.85,31.8,25.6,1,1,1.0
86,3,300.42,398.81,130.43,142.19,1,1,1.0
86,4,291.58,158.33,51.63,54.49,1,1,1.0
87,1,616.6,114.63,44.0,33.47,1,1,1.0
87,2,588.4,93.14,31.1,25.84,1,1,1.0
87,3,297.07,405.01,133.78,135.99,1,1,1.0
87,4,292.3,157.61,50.67,54.97,1,1,1.0
88,1,616.1,113.91,43.3,33.24,1,1,1.0
88,2,588.2,92.42,30.35,26.08,1,1,1.0
88,3,293.73,411.23,137.12,129.77,1,1,1.0
88,4,293.01,156.9,49.72,55.45,1,1,1.0
89,1,615.65,113.19,42.55,33.0,1,1,1.0
89,2,587.95,91.7,29.65,26.32,1,1,1.0
89,3,290.39,417.44,140.46,123.56,1,1,1.0
89,4,293.73,156.18,48.77,55.92,1,1,1.0
90,1,615.15,112.48,41.85,32.76,1,1,1.0
90,2,587.7,90.98,28.95,26.56,1,1,1.0
90,3,287.05,423.64,143.8,117.36,1,1,1.0
90,4,294.45,155.47,47.81,56.4,1,1,1.0
91,1,614.7,111.76,41.1,32.53,1,1,1.0
91,2,587.45,90.27,28.25,26.79,1,1,1.0
91,3,283.7,429.85,147.15,111.15,1,1,1.0
91,4,295.17,154.75,46.84,56.88,1,1,1.0
91,5,475.7,61.61,26.8,25.36,1,1,1.0
91,6,426.99,71.64,26.78,22.5,1,1,1.0
92,1,614.2,111.05,40.9,32.76,1,1,1.0
92,2,587.2,89.55,28.75,27.03,1,1,1.0
92,3,283.46,437.73,146.92,103.27,1,1,1.0
92,4,294.21,155.47,48.52,54.97,1,1,1.0
92,5,475.7,62.09,26.3,25.36,1,1,1.0
92,6,426.99,71.88,26.31,22.73,1,1,1.0
93,1,613.75,110.33,40.6,33.0,1,1,1.0
93,2,587.0,88.84,29.15,27.28,1,1,1.0
93,3,283.23,445.61,146.66,95.39,1,1,1.0
93,4,293.26,156.18,50.19,53.06,1,1,1.0
93,5,475.7,62.56,25.85,25.36,1,1,1.0
93,6,426.99,72.12,25.83,22.97,1,1,1.0
94,1,613.25,109.61,40.4,33.24,1,1,1.0
94,2,586.75,88.12,29.65,27.51,1,1,1.0
94,3,282.99,453.5,146.43,87.5,1,1,1.0
94,4,292.3,156.9,51.87,51.14,1,1,1.0
94,5,475.7,63.04,25.35,25.36,1,1,1.0
94,6,426.99,72.36,25.36,23.2,1,1,1.0
95,1,612.8,108.9,40.15,33.48,1,1,1.0
95,2,586.5,87.4,30.15,27.74,1,1,1.0
95,3,282.75,461.38,146.19,79.62,1,1,1.0
95,4,291.35,157.61,53.53,49.24,1,1,1.0
95,5,475.7,63.52,24.88,25.36,1,1,1.0
95,6,426.99,72.6,24.88,23.45,1,1,1.0
96,1,612.3,108.18,39.9,33.72,1,1,1.0
96,2,586.25,86.68,30.65,27.98,1,1,1.0
96,3,282.51,469.26,145.95,71.74,1,1,1.0
96,4,290.39,158.33,55.21,47.33,1,1,1.0
96,5,475.7,64.0,24.41,25.36,1,1,1.0
96,6,426.99,72.83,24.4,23.68,1,1,1.0
97,1,611.8,107.47,39.7,33.95,1,1,1.0
97,2,586.05,85.97,31.05,28.22,1,1,1.0
97,3,282.27,477.13,145.72,63.87,1,1,1.0
97,4,289.44,159.04,56.88,45.43,1,1,1.0
97,5,475.7,64.48,23.93,25.36,1,1,1.0
97,6,426.99,73.08,23.92,23.92,1,1,1.0
98,1,611.1,106.51,39.2,34.19,1,1,1.0
98,2,585.55,85.5,30.6,28.46,1,1,1.0
98,4,289.91,159.29,56.16,45.89,1,1,1.0
98,5,474.99,64.72,24.88,25.12,1,1,1.0
98,6,426.27,73.08,24.88,24.4,1,1,1.0
99,1,610.4,105.55,38.7,34.44,1,1,1.0
99,2,585.05,85.02,30.15,28.7,1,1,1.0
99,4,290.39,159.52,55.44,46.38,1,1,1.0
99,5,474.27,64.96,25.84,24.88,1,1,1.0
99,6,425.55,73.08,25.84,24.88,1,1,1.0
100,1,609.65,104.6,38.3,34.67,1,1,1.0
100,2,584.6,84.54,29.65,28.94,1,1,1.0
100,4,290.87,159.76,54.73,46.85,1,1,1.0
100,5,473.55,65.19,26.8,24.64,1,1,1.0
100,6,424.83,73.08,26.8,25.36,1,1,1.0
101,1,608.95,103.64,37.8,34.91,1,1,1.0
101,2,584.1,84.06,29.2,29.18,1,1,1.0
101,4,291.35,160.0,54.01,47.33,1,1,1.0
101,5,472.83,65.44,27.75,24.4,1,1,1.0
101,6,424.12,73.08,27.75,25.84,1,1,1.0
102,1,608.25,102.69,37.3,35.15,1,1,1.0
102,2,583.65,83.58,28.7,29.42,1,1,1.0
102,4,291.82,160.24,53.3,47.8,1,1,1.0
102,5,472.12,65.67,28.7,24.16,1,1,1.0
102,6,423.4,73.08,28.71,26.32,1,1,1.0
103,1,607.5,101.73,36.85,35.39,1,1,1.0
103,2,583.15,83.1,28.25,29.66,1,1,1.0
103,4,292.3,160.48,52.58,48.28,1,1,1.0
103,5,471.4,65.91,29.65,23.92,1,1,1.0
103,6,422.69,73.08,29.66,26.79,1,1,1.0
104,1,607.75,101.5,35.9,34.43,1,1,1.0
104,2,581.95,82.62,29.2,29.42,1,1,1.0
104,4,292.06,160.48,52.58,48.76,1,1,1.0
104,5,472.12,65.91,28.7,23.92,1,1,1.0
104,6,422.93,73.08,28.22,26.79,1,1,1.0
105,1,608.0,101.26,34.9,33.47,1,1,1.0
105,2,580.8,82.15,30.1,29.18,1,1,1.0
105,4,291.82,160.48,52.58,49.24,1,1,1.0
105,5,472.83,65.91,27.75,23.92,1,1,1.0
105,6,423.17,73.08,26.78,26.79,1,1,1.0
106,1,608.25,101.02,33.95,32.52,1,1,1.0
106,2,579.6,81.67,31.05,28.94,1,1,1.0
106,4,291.58,160.48,52.59,49.71,1,1,1.0
106,5,473.55,65.91,26.8,23.92,1,1,1.0
106,6,423.4,73.08,25.36,26.79,1,1,1.0
107,1,608.5,100.78,33.0,31.57,1,1,1.0
107,2,578.4,81.19,32.05,28.7,1,1,1.0
107,4,291.35,160.48,52.58,50.19,1,1,1.0
107,5,474.27,65.91,25.84,23.92,1,1,1.0
107,6,423.64,73.08,23.93,26.79,1,1,1.0
108,1,608.7,100.54,32.05,30.61,1,1,1.0
108,2,577.2,80.72,33.0,28.46,1,1,1.0
108,4,291.11,160.48,52.58,50.67,1,1,1.0
108,5,474.99,65.91,24.88,23.92,1,1,1.0
108,6,423.88,73.08,22.5,26.79,1,1,1.0
109,1,608.95,100.3,31.1,29.66,1,1,1.0
109,2,583.15,81.67,26.8,23.93,1,1,1.0
109,4,290.87,160.48,52.58,51.15,1,1,1.0
109,5,475.7,65.91,23.93,23.92,1,1,1.0
109,6,424.12,73.08,21.06,26.79,1,1,1.0
110,1,608.25,99.58,31.3,30.38,1,1,1.0
110,2,576.0,80.96,33.7,27.26,1,1,1.0
110,4,290.87,160.24,52.82,51.39,1,1,1.0
110,5,474.99,66.62,24.16,23.45,1,1,1.0
110,6,423.4,73.79,22.25,26.56,1,1,1.0
111,1,607.5,98.86,31.6,31.1,1,1,1.0
111,2,576.0,81.67,33.5,26.32,1,1,1.0
111,4,290.87,160.0,53.06,51.63,1,1,1.0
111,5,474.27,67.34,24.4,22.97,1,1,1.0
111,6,422.69,74.5,23.44,26.32,1,1,1.0
112,1,606.8,98.15,31.8,31.81,1,1,1.0
112,2,576.0,82.39,33.25,25.36,1,1,1.0
112,4,290.87,159.76,53.3,51.87,1,1,1.0
112,5,473.55,68.06,24.64,22.49,1,1,1.0
112,6,421.97,75.22,24.64,26.08,1,1,1.0
113,1,606.1,97.44,32.05,32.52,1,1,1.0
113,2,576.0,83.1,33.0,24.4,1,1,1.0
113,4,290.87,159.52,53.53,52.11,1,1,1.0
113,5,472.83,68.78,24.88,22.02,1,1,1.0
113,6,421.26,75.94,25.83,25.84,1,1,1.0
114,1,605.35,96.72,32.3,33.24,1,1,1.0
114,2,576.0,83.82,32.75,23.45,1,1,1.0
114,4,290.87,159.29,53.77,52.34,1,1,1.0
114,5,472.12,69.5,25.12,21.54,1,1,1.0
114,6,420.54,76.66,27.03,25.6,1,1,1.0
115,1,604.65,96.0,32.55,33.96,1,1,1.0
115,2,576.0,84.54,32.5,22.5,1,1,1.0
115,4,290.87,159.04,54.01,52.59,1,1,1.0
115,5,471.4,70.21,25.36,21.06,1,1,1.0
115,6,419.82,77.38,28.23,25.36,1,1,1.0
116,1,603.95,95.52,33.25,32.77,1,1,1.0
116,2,576.25,82.86,31.8,23.46,1,1,1.0
116,4,290.63,159.04,54.73,52.11,1,1,1.0
116,5,470.93,69.73,26.07,22.02,1,1,1.0
116,6,420.06,77.38,27.03,25.12,1,1,1.0
117,1,603.2,95.04,34.0,31.56,1,1,1.0
117,2,576.5,81.19,31.05,24.4,1,1,1.0
117,4,290.39,159.04,55.44,51.63,1,1,1.0
117,5,470.45,69.26,26.79,22.97,1,1,1.0
117,6,420.3,77.38,25.83,24.88,1,1,1.0
118,1,602.5,94.56,34.7,30.38,1,1,1.0
118,2,576.7,79.52,30.4,25.36,1,1,1.0
118,4,290.15,159.04,56.17,51.15,1,1,1.0
118,5,469.97,68.78,27.51,23.92,1,1,1.0
118,6,420.54,77.38,24.64,24.64,1,1,1.0
119,1,601.8,94.09,35.4,29.18,1,1,1.0
119,2,576.95,77.85,29.65,26.32,1,1,1.0
119,4,289.91,159.04,56.88,50.68,1,1,1.0
119,5,469.5,68.3,28.21,24.88,1,1,1.0
119,6,420.77,77.38,23.46,24.4,1,1,1.0
120,1,601.05,93.61,36.15,27.99,1,1,1.0
120,2,577.2,76.18,28.95,27.27,1,1,1.0
120,4,289.67,159.04,57.6,50.2,1,1,1.0
120,5,469.01,67.82,28.94,25.84,1,1,1.0
120,6,421.01,77.38,22.26,24.16,1,1,1.0
121,1,600.35,93.14,36.85,26.8,1,1,1.0
121,2,577.45,74.5,28.2,28.22,1,1,1.0
121,4,293.73,157.61,49.72,49.72,1,1,1.0
121,5,472.83,68.78,22.5,22.5,1,1,1.0
121,6,421.26,77.38,21.06,23.92,1,1,1.0
122,1,601.3,91.94,34.9,27.03,1,1,1.0
122,2,576.95,74.03,28.25,28.23,1,1,1.0
122,4,289.44,159.04,57.83,49.0,1,1,1.0
122,5,468.54,67.34,28.94,26.31,1,1,1.0
122,6,419.82,76.9,22.97,24.88,1,1,1.0
123,1,602.25,90.74,33.0,27.28,1,1,1.0
123,2,576.5,73.55,28.2,28.23,1,1,1.0
123,4,289.44,159.04,57.35,48.29,1,1,1.0
123,5,468.54,67.34,28.22,25.84,1,1,1.0
123,6,418.39,76.42,24.88,25.84,1,1,1.0
124,1,603.2,89.55,31.1,27.51,1,1,1.0
124,2,576.0,73.08,28.2,28.22,1,1,1.0
124,4,289.44,159.04,56.88,47.57,1,1,1.0
124,5,468.54,67.34,27.51,25.36,1,1,1.0
124,6,416.95,75.94,26.8,26.79,1,1,1.0
125,1,604.2,88.36,29.15,27.75,1,1,1.0
125,2,575.5,72.6,28.25,28.22,1,1,1.0
125,4,289.44,159.04,56.39,46.86,1,1,1.0
125,5,468.54,67.34,26.79,24.88,1,1,1.0
125,6,415.52,75.46,28.71,27.74,1,1,1.0
126,1,605.15,87.16,27.25,27.98,1,1,1.0
126,2,575.05,72.12,28.2,28.22,1,1,1.0
126,4,289.44,159.04,55.92,46.14,1,1,1.0
126,5,468.54,67.34,26.07,24.4,1,1,1.0
126,6,414.09,74.98,30.61,28.7,1,1,1.0
127,1,606.1,85.97,25.35,28.22,1,1,1.0
127,2,574.55,71.64,28.25,28.22,1,1,1.0
127,4,289.44,159.04,55.44,45.43,1,1,1.0
127,5,468.54,67.34,25.35,23.92,1,1,1.0
127,6,412.65,74.5,32.53,29.66,1,1,1.0
128,1,605.15,85.02,25.35,28.22,1,1,1.0
128,2,573.85,71.17,29.2,27.98,1,1,1.0
128,4,289.91,158.57,54.73,45.65,1,1,1.0
128,5,468.3,67.1,26.08,24.4,1,1,1.0
128,6,413.13,75.22,31.57,28.46,1,1,1.0
129,1,604.2,84.06,25.35,28.23,1,1,1.0
129,2,573.15,70.68,30.1,27.75,1,1,1.0
129,4,290.39,158.09,54.01,45.9,1,1,1.0
129,5,468.06,66.86,26.79,24.88,1,1,1.0
129,6,413.61,75.94,30.62,27.27,1,1,1.0
130,1,603.2,83.1,25.4,28.22,1,1,1.0
130,2,572.4,70.21,31.1,27.5,1,1,1.0
130,4,290.87,157.61,53.3,46.14,1,1,1.0
130,5,467.82,66.62,27.51,25.36,1,1,1.0
130,6,414.09,76.66,29.66,26.08,1,1,1.0
131,1,602.25,82.15,25.4,28.23,1,1,1.0
131,2,571.7,69.73,32.05,27.27,1,1,1.0
131,4,291.35,157.13,52.58,46.38,1,1,1.0
131,5,467.58,66.39,28.23,25.84,1,1,1.0
131,6,414.57,77.38,28.7,24.88,1,1,1.0
132,1,601.3,81.19,25.35,28.22,1,1,1.0
132,2,571.0,69.26,33.0,27.03,1,1,1.0
132,4,291.82,156.66,51.87,46.61,1,1,1.0
132,5,467.35,66.15,28.94,26.32,1,1,1.0
132,6,415.05,78.09,27.74,23.69,1,1,1.0
133,1,600.35,80.24,25.35,28.23,1,1,1.0
133,2,570.25,68.78,33.95,26.79,1,1,1.0
133,4,292.3,156.18,51.15,46.85,1,1,1.0
133,5,467.11,65.91,29.65,26.79,1,1,1.0
133,6,415.52,78.81,26.8,22.5,1,1,1.0
134,1,599.4,79.28,26.55,28.94,1,1,1.0
134,2,570.25,67.82,32.55,27.27,1,1,1.0
134,4,291.35,156.18,53.29,47.09,1,1,1.0
134,5,467.11,66.15,28.7,26.32,1,1,1.0
134,6,414.33,78.56,27.99,23.46,1,1,1.0
135,1,598.45,78.33,27.75,29.66,1,1,1.0
135,2,570.25,66.86,31.1,27.74,1,1,1.0
135,4,290.39,156.18,55.44,47.33,1,1,1.0
135,5,467.11,66.39,27.74,25.84,1,1,1.0
135,6,413.13,78.33,29.19,24.4,1,1,1.0
136,1,597.5,77.38,28.95,30.38,1,1,1.0
136,2,570.25,65.91,29.7,28.22,1,1,1.0
136,4,289.44,156.18,57.59,47.57,1,1,1.0
136,5,467.11,66.62,26.78,25.36,1,1,1.0
136,6,411.94,78.09,30.38,25.36,1,1,1.0
137,1,596.55,76.42,30.1,31.09,1,1,1.0
137,2,570.25,64.96,28.25,28.7,1,1,1.0
137,4,288.48,156.18,59.75,47.81,1,1,1.0
137,5,467.11,66.86,25.83,24.88,1,1,1.0
137,6,410.75,77.85,31.57,26.32,1,1,1.0
138,1,595.6,75.46,31.3,31.8,1,1,1.0
138,2,570.25,64.0,26.8,29.18,1,1,1.0
138,4,287.52,156.18,61.9,48.04,1,1,1.0
138,5,467.11,67.1,24.88,24.4,1,1,1.0
138,6,409.55,77.61,32.77,27.27,1,1,1.0
139,1,594.65,74.5,32.5,32.52,1,1,1.0
139,2,573.15,67.34,25.35,21.06,1,1,1.0
139,4,289.44,156.18,54.01,45.42,1,1,1.0
139,5,467.11,67.34,23.92,23.92,1,1,1.0
139,6,408.36,77.38,33.96,28.22,1,1,1.0
140,1,595.1,74.98,32.05,31.8,1,1,1.0
140,2,570.25,63.28,24.9,28.94,1,1,1.0
140,4,287.76,156.66,61.66,47.33,1,1,1.0
140,5,466.63,68.3,24.16,24.4,1,1,1.0
140,6,408.12,78.09,33.71,28.23,1,1,1.0
141,1,595.6,75.46,31.55,31.08,1,1,1.0
141,2,570.25,63.52,24.4,28.22,1,1,1.0
141,4,288.95,157.13,59.28,46.38,1,1,1.0
141,5,466.15,69.26,24.4,24.88,1,1,1.0
141,6,407.88,78.81,33.48,28.22,1,1,1.0
142,1,596.05,75.94,31.1,30.38,1,1,1.0
142,2,570.25,63.76,23.95,27.51,1,1,1.0
142,4,290.15,157.61,56.88,45.42,1,1,1.0
142,5,465.67,70.21,24.65,25.36,1,1,1.0
142,6,407.64,79.52,33.24,28.23,1,1,1.0
143,1,596.55,76.42,30.6,29.66,1,1,1.0
143,2,570.25,64.0,23.45,26.79,1,1,1.0
143,4,291.35,158.09,54.48,44.46,1,1,1.0
143,5,465.19,71.17,24.88,25.84,1,1,1.0
143,6,407.4,80.24,33.0,28.23,1,1,1.0
144,1,597.0,76.9,30.15,28.94,1,1,1.0
144,2,570.25,64.24,23.0,26.08,1,1,1.0
144,4,292.54,158.57,52.1,43.5,1,1,1.0
144,5,464.71,72.12,25.12,26.32,1,1,1.0
144,6,407.17,80.96,32.76,28.22,1,1,1.0
145,1,597.5,77.38,29.65,28.22,1,1,1.0
145,2,570.25,64.48,22.5,25.36,1,1,1.0
145,4,293.73,159.04,49.72,42.56,1,1,1.0
145,5,464.24,73.08,25.36,26.79,1,1,1.0
145,6,406.93,81.67,32.52,28.23,1,1,1.0
146,1,597.25,76.18,29.4,28.23,1,1,1.0
146,2,570.25,63.76,23.0,25.36,1,1,1.0
146,4,292.3,158.33,51.39,43.51,1,1,1.0
146,5,463.76,72.12,26.56,27.27,1,1,1.0
146,6,407.64,81.67,31.57,27.75,1,1,1.0
147,1,597.0,74.98,29.2,28.22,1,1,1.0
147,2,570.25,63.04,23.45,25.36,1,1,1.0
147,4,290.87,157.61,53.06,44.46,1,1,1.0
147,5,463.29,71.17,27.74,27.74,1,1,1.0
147,6,408.36,81.67,30.61,27.27,1,1,1.0
148,1,596.8,73.79,28.9,28.23,1,1,1.0
148,2,570.25,62.33,23.95,25.36,1,1,1.0
148,4,289.44,156.9,54.73,45.42,1,1,1.0
148,5,462.81,70.21,28.94,28.22,1,1,1.0
148,6,409.07,81.67,29.66,26.8,1,1,1.0
149,1,596.55,72.6,28.7,28.22,1,1,1.0
149,2,570.25,61.61,24.4,25.36,1,1,1.0
149,4,288.0,156.18,56.4,46.37,1,1,1.0
149,5,462.33,69.26,30.13,28.7,1,1,1.0
149,6,409.79,81.67,28.71,26.32,1,1,1.0
150,1,596.3,71.4,28.45,28.22,1,1,1.0
150,2,570.25,60.9,24.9,25.36,1,1,1.0
150,4,286.57,155.47,58.07,47.32,1,1,1.0
150,5,461.85,68.3,31.33,29.18,1,1,1.0
150,6,410.51,81.67,27.75,25.84,1,1,1.0
151,1,596.05,70.21,28.25,28.22,1,1,1.0
151,2,570.25,60.18,25.4,25.36,1,1,1.0
151,4,285.13,154.75,59.75,48.28,1,1,1.0
151,5,461.38,67.34,32.51,29.66,1,1,1.0
151,6,411.23,81.67,26.78,25.36,1,1,1.0
152,1,595.8,69.5,28.0,27.98,1,1,1.0
152,2,569.8,59.46,25.35,25.6,1,1,1.0
152,4,285.61,154.99,59.27,48.28,1,1,1.0
152,5,461.61,68.06,32.04,29.18,1,1,1.0
152,6,410.27,81.19,27.74,26.56,1,1,1.0
153,1,595.6,68.78,27.75,27.74,1,1,1.0
153,2,569.3,58.74,25.35,25.84,1,1,1.0
153,4,286.09,155.22,58.79,48.29,1,1,1.0
153,5,461.85,68.78,31.57,28.7,1,1,1.0
153,6,409.32,80.72,28.69,27.76,1,1,1.0
154,1,595.35,68.06,27.5,27.5,1,1,1.0
154,2,568.85,58.03,25.35,26.08,1,1,1.0
154,4,286.57,155.47,58.31,48.28,1,1,1.0
154,5,462.09,69.5,31.09,28.22,1,1,1.0
154,6,408.36,80.24,29.65,28.94,1,1,1.0
155,1,595.1,67.34,27.25,27.26,1,1,1.0
155,2,568.35,57.32,25.35,26.31,1,1,1.0
155,4,287.05,155.7,57.83,48.29,1,1,1.0
155,5,462.33,70.21,30.61,27.74,1,1,1.0
155,6,407.4,79.76,30.61,30.14,1,1,1.0
156,1,594.85,66.62,27.05,27.03,1,1,1.0
156,2,567.9,56.6,25.35,26.56,1,1,1.0
156,4,287.52,155.94,57.36,48.28,1,1,1.0
156,5,462.57,70.92,30.13,27.27,1,1,1.0
156,6,406.45,79.28,31.56,31.32,1,1,1.0
157,1,594.65,65.91,26.75,26.79,1,1,1.0
157,2,567.4,63.04,28.25,19.62,1,1,1.0
157,4,288.0,156.18,56.88,48.29,1,1,1.0
157,5,462.81,71.64,29.65,26.8,1,1,1.0
157,6,405.5,78.81,32.51,32.52,1,1,1.0
158,1,595.1,65.91,26.1,26.56,1,1,1.0
158,2,567.4,56.36,25.35,26.55,1,1,1.0
158,4,287.52,155.94,57.6,48.28,1,1,1.0
158,5,462.81,71.88,29.18,27.51,1,1,1.0
158,6,405.73,79.52,31.81,32.05,1,1,1.0
159,1,595.6,65.91,25.35,26.32,1,1,1.0
159,2,567.4,56.84,25.35,26.32,1,1,1.0
159,4,287.05,155.7,58.31,48.29,1,1,1.0
159,5,462.81,72.12,28.7,28.22,1,1,1.0
159,6,405.97,80.24,31.09,31.57,1,1,1.0
160,1,596.05,65.91,24.65,26.08,1,1,1.0
160,2,567.4,57.32,25.35,26.08,1,1,1.0
160,4,286.57,155.47,59.03,48.28,1,1,1.0
160,5,462.81,72.36,28.22,28.94,1,1,1.0
160,6,406.21,80.96,30.37,31.1,1,1,1.0
161,1,596.55,65.91,23.9,25.84,1,1,1.0
161,2,567.4,57.79,25.35,25.84,1,1,1.0
161,4,286.09,155.22,59.74,48.29,1,1,1.0
161,5,462.81,72.6,27.74,29.66,1,1,1.0
161,6,406.45,81.67,29.66,30.62,1,1,1.0
162,1,597.0,65.91,23.2,25.6,1,1,1.0
162,2,567.4,58.27,25.35,25.6,1,1,1.0
162,4,285.61,154.99,60.46,48.28,1,1,1.0
162,5,462.81,72.83,27.26,30.38,1,1,1.0
162,6,406.69,82.39,28.94,30.13,1,1,1.0
163,1,597.5,65.91,22.5,25.36,1,1,1.0
163,2,567.4,58.74,25.35,25.36,1,1,1.0
163,4,285.13,154.75,61.19,48.28,1,1,1.0
163,5,462.81,73.08,26.79,31.1,1,1,1.0
163,6,406.93,83.1,28.22,29.66,1,1,1.0
164,1,597.75,65.44,22.25,24.88,1,1,1.0
164,2,567.65,58.03,24.65,24.88,1,1,1.0
164,4,286.33,154.27,59.74,48.52,1,1,1.0
164,5,462.57,73.55,27.03,30.38,1,1,1.0
164,6,406.21,82.86,28.7,30.14,1,1,1.0
165,1,597.95,64.96,22.05,24.4,1,1,1.0
165,2,567.9,57.32,23.9,24.4,1,1,1.0
165,4,287.52,153.79,58.31,48.76,1,1,1.0
165,5,462.33,74.03,27.27,29.66,1,1,1.0
165,6,405.5,82.62,29.17,30.62,1,1,1.0
166,1,598.2,64.48,21.8,23.92,1,1,1.0
166,2,568.1,56.6,23.25,23.92,1,1,1.0
166,4,288.71,153.32,56.89,49.0,1,1,1.0
166,5,462.09,74.5,27.51,28.94,1,1,1.0
166,6,404.77,82.39,29.67,31.09,1,1,1.0
167,1,598.45,64.0,21.55,23.45,1,1,1.0
167,2,568.35,55.88,22.5,23.45,1,1,1.0
167,4,289.91,152.84,55.45,49.23,1,1,1.0
167,5,461.85,74.98,27.75,28.22,1,1,1.0
167,6,404.06,82.15,30.13,31.57,1,1,1.0
168,1,598.7,63.52,21.3,22.98,1,1,1.0
168,2,568.6,55.16,21.75,22.97,1,1,1.0
168,4,291.11,152.36,54.01,49.48,1,1,1.0
168,5,461.61,75.46,27.99,27.5,1,1,1.0
168,6,403.35,81.91,30.6,32.05,1,1,1.0
169,1,598.95,63.04,21.05,22.49,1,1,1.0
169,2,568.85,54.45,21.05,22.49,1,1,1.0
169,4,292.3,151.88,52.58,49.72,1,1,1.0
169,5,461.38,75.94,28.22,26.79,1,1,1.0
169,6,402.63,81.67,31.08,32.52,1,1,1.0
170,1,597.95,62.09,22.05,22.26,1,1,1.0
170,2,568.1,53.26,21.8,23.21,1,1,1.0
170,4,291.35,151.16,53.53,49.48,1,1,1.0
170,5,461.13,74.98,28.47,27.52,1,1,1.0
170,6,402.63,81.44,30.13,32.28,1,1,1.0
171,1,597.0,61.14,23.0,22.02,1,1,1.0
171,2,567.4,52.06,22.5,23.92,1,1,1.0
171,4,290.39,150.45,54.49,49.24,1,1,1.0
171,5,460.89,74.03,28.71,28.23,1,1,1.0
171,6,402.63,81.19,29.18,32.04,1,1,1.0
172,1,596.05,60.18,23.95,21.78,1,1,1.0
172,2,566.7,50.86,23.2,24.64,1,1,1.0
172,4,289.44,149.73,55.44,49.0,1,1,1.0
172,5,460.65,73.08,28.95,28.94,1,1,1.0
172,6,402.63,80.96,28.22,31.8,1,1,1.0
173,1,595.1,59.22,24.9,21.54,1,1,1.0
173,2,565.95,49.67,23.95,25.36,1,1,1.0
173,4,288.48,149.01,56.4,48.77,1,1,1.0
173,5,460.42,72.12,29.18,29.66,1,1,1.0
173,6,402.63,80.72,27.26,31.58,1,1,1.0
174,1,594.15,58.27,25.85,21.3,1,1,1.0
174,2,565.25,48.48,24.65,26.07,1,1,1.0
174,4,287.52,148.3,57.36,48.52,1,1,1.0
174,5,460.18,71.17,29.42,30.38,1,1,1.0
174,6,402.63,80.48,26.31,31.33,1,1,1.0
175,1,593.2,57.32,26.8,21.06,1,1,1.0
175,2,564.55,47.28,25.35,26.79,1,1,1.0
175,4,286.57,147.58,58.31,48.29,1,1,1.0
175,5,459.94,70.21,29.66,31.09,1,1,1.0
175,6,402.63,80.24,25.36,31.09,1,1,1.0
176,1,593.65,57.32,26.1,21.06,1,1,1.0
176,2,564.3,48.0,24.65,25.36,1,1,1.0
176,4,286.81,148.54,57.83,48.04,1,1,1.0
176,5,459.94,71.88,29.42,29.9,1,1,1.0
176,6,401.91,80.96,26.55,31.56,1,1,1.0
177,1,594.15,57.32,25.35,21.06,1,1,1.0
177,2,564.05,48.72,23.95,23.92,1,1,1.0
177,4,287.05,149.5,57.35,47.8,1,1,1.0
177,5,459.94,73.55,29.18,28.71,1,1,1.0
177,6,401.19,81.67,27.75,32.05,1,1,1.0
178,1,594.65,57.32,24.6,21.06,1,1,1.0
178,2,563.8,49.43,23.25,22.49,1,1,1.0
178,4,287.29,150.45,56.88,47.56,1,1,1.0
178,5,459.94,75.22,28.94,27.5,1,1,1.0
178,6,400.48,82.39,28.94,32.52,1,1,1.0
179,1,595.1,57.32,23.95,21.06,1,1,1.0
179,2,563.6,50.15,22.45,21.06,1,1,1.0
179,4,287.52,151.41,56.41,47.32,1,1,1.0
179,5,459.94,76.9,28.7,26.32,1,1,1.0
179,6,399.76,83.1,30.13,33.01,1,1,1.0
180,1,595.6,57.32,23.2,21.06,1,1,1.0
180,2,563.35,50.86,21.75,19.63,1,1,1.0
180,4,287.76,152.36,55.93,47.09,1,1,1.0
180,5,459.94,78.56,28.46,25.12,1,1,1.0
180,6,399.05,83.82,31.33,33.48,1,1,1.0
181,1,596.05,57.32,22.5,21.06,1,1,1.0
181,2,563.1,51.58,21.05,18.2,1,1,1.0
181,4,288.0,153.32,55.45,46.84,1,1,1.0
181,5,459.94,80.24,28.23,23.93,1,1,1.0
181,6,398.33,84.54,32.52,33.97,1,1,1.0
182,1,595.8,56.12,22.25,22.02,1,1,1.0
182,2,563.35,50.86,21.3,18.43,1,1,1.0
182,4,288.48,151.88,55.21,47.33,1,1,1.0
182,5,459.23,79.52,28.94,24.65,1,1,1.0
182,6,398.09,84.3,32.52,33.96,1,1,1.0
183,1,595.6,54.92,22.0,22.97,1,1,1.0
183,2,563.6,50.15,21.5,18.67,1,1,1.0
183,4,288.95,150.45,54.98,47.81,1,1,1.0
183,5,458.51,78.81,29.66,25.36,1,1,1.0
183,6,397.85,84.06,32.53,33.96,1,1,1.0
184,1,595.35,53.73,21.75,23.92,1,1,1.0
184,2,563.8,49.43,21.8,18.91,1,1,1.0
184,4,289.44,149.01,54.73,48.29,1,1,1.0
184,5,457.79,78.09,30.38,26.08,1,1,1.0
184,6,397.61,83.82,32.52,33.96,1,1,1.0
185,1,595.1,52.54,21.55,24.88,1,1,1.0
185,2,564.05,48.72,22.0,19.15,1,1,1.0
185,4,289.91,147.58,54.49,48.77,1,1,1.0
185,5,457.07,77.38,31.1,26.8,1,1,1.0
185,6,397.38,83.58,32.51,33.96,1,1,1.0
186,1,594.85,51.34,21.3,25.84,1,1,1.0
186,2,564.3,48.0,22.25,19.39,1,1,1.0
186,4,290.39,146.15,54.25,49.24,1,1,1.0
186,5,456.36,76.66,31.81,27.52,1,1,1.0
186,6,397.13,83.34,32.52,33.96,1,1,1.0
187,1,594.65,50.15,21.05,26.79,1,1,1.0
187,2,564.55,47.28,22.5,19.63,1,1,1.0
187,4,290.87,144.72,54.01,49.72,1,1,1.0
187,5,455.64,75.94,32.53,28.23,1,1,1.0
187,6,396.89,83.1,32.53,33.96,1,1,1.0
188,1,594.4,50.15,21.05,25.84,1,1,1.0
188,2,564.3,46.81,22.25,20.1,1,1,1.0
188,4,290.87,144.24,53.53,50.2,1,1,1.0
188,5,455.88,76.42,32.29,28.22,1,1,1.0
188,6,396.18,84.3,33.0,32.28,1,1,1.0
189,1,594.15,50.15,21.05,24.88,1,1,1.0
189,2,564.05,46.33,22.0,20.58,1,1,1.0
189,4,290.87,143.76,53.06,50.68,1,1,1.0
189,5,456.12,76.9,32.05,28.22,1,1,1.0
189,6,395.46,85.5,33.48,30.62,1,1,1.0
190,1,593.9,50.15,21.05,23.92,1,1,1.0
190,2,563.8,45.85,21.8,21.06,1,1,1.0
190,4,290.87,143.29,52.58,51.15,1,1,1.0
190,5,456.36,77.38,31.81,28.22,1,1,1.0
190,6,394.75,86.68,33.95,28.94,1,1,1.0
191,1,593.65,50.15,21.1,22.97,1,1,1.0
191,2,563.6,45.37,21.5,21.54,1,1,1.0
191,4,290.87,142.81,52.1,51.63,1,1,1.0
191,5,456.6,77.85,31.57,28.23,1,1,1.0
191,6,394.03,87.88,34.43,27.27,1,1,1.0
192,1,593.45,50.15,21.05,22.02,1,1,1.0
192,2,563.35,44.9,21.3,22.02,1,1,1.0
192,4,290.87,142.33,51.63,52.11,1,1,1.0
192,5,456.83,78.33,31.34,28.22,1,1,1.0
192,6,393.32,89.08,34.91,25.6,1,1,1.0
193,1,593.2,50.15,21.05,21.06,1,1,1.0
193,2,563.1,44.42,21.05,22.49,1,1,1.0
193,4,290.87,141.85,51.14,52.59,1,1,1.0
193,5,457.07,78.81,31.1,28.22,1,1,1.0
193,6,392.6,90.27,35.39,23.92,1,1,1.0
194,1,592.7,50.39,21.55,20.82,1,1,1.0
194,2,562.85,44.42,21.55,22.02,1,1,1.0
194,4,291.35,142.33,50.91,52.11,1,1,1.0
194,5,457.07,79.04,30.38,29.42,1,1,1.0
194,6,392.36,90.03,34.91,25.36,1,1,1.0
195,1,592.25,50.62,22.0,20.58,1,1,1.0
195,2,562.65,44.42,22.0,21.54,1,1,1.0
195,4,291.82,142.81,50.68,51.63,1,1,1.0
195,5,457.07,79.28,29.66,30.62,1,1,1.0
195,6,392.12,89.79,34.43,26.79,1,1,1.0
196,1,591.75,50.86,22.5,20.34,1,1,1.0
196,2,562.4,44.42,22.5,21.06,1,1,1.0
196,4,292.3,143.29,50.43,51.15,1,1,1.0
196,5,457.07,79.52,28.94,31.81,1,1,1.0
196,6,391.88,89.55,33.95,28.23,1,1,1.0
197,1,591.3,51.1,22.95,20.1,1,1,1.0
197,2,562.15,44.42,22.95,20.58,1,1,1.0
197,4,292.77,143.76,50.2,50.68,1,1,1.0
197,5,457.07,79.76,28.23,33.0,1,1,1.0
197,6,391.64,89.32,33.48,29.66,1,1,1.0
198,1,590.8,51.34,23.45,19.86,1,1,1.0
198,2,561.9,44.42,23.45,20.1,1,1,1.0
198,4,293.26,144.24,49.95,50.2,1,1,1.0
198,5,457.07,80.0,27.51,34.19,1,1,1.0
198,6,391.4,89.08,33.0,31.1,1,1,1.0
199,1,590.35,51.58,23.9,19.63,1,1,1.0
199,2,563.1,45.85,21.05,16.76,1,1,1.0
199,4,293.73,144.72,49.72,49.72,1,1,1.0
199,5,457.07,80.24,26.8,35.39,1,1,1.0
199,6,391.17,88.84,32.52,32.52,1,1,1.0
200,1,590.8,51.1,23.2,19.62,1,1,1.0
200,2,561.9,44.9,23.2,18.91,1,1,1.0
200,4,293.5,144.72,49.47,49.24,1,1,1.0
200,5,456.36,80.96,28.22,34.9,1,1,1.0
200,6,390.45,88.84,33.0,32.99,1,1,1.0
201,1,591.3,50.62,22.5,19.63,1,1,1.0
201,2,562.15,45.37,22.5,18.19,1,1,1.0
201,4,293.26,144.72,49.24,48.76,1,1,1.0
201,5,455.64,81.67,29.66,34.44,1,1,1.0
201,6,389.73,88.84,33.48,33.48,1,1,1.0
202,1,591.75,50.15,21.8,19.62,1,1,1.0
202,2,562.4,45.85,21.75,17.48,1,1,1.0
202,4,293.01,144.72,49.0,48.28,1,1,1.0
202,5,454.93,82.39,31.08,33.96,1,1,1.0
202,6,389.01,88.84,33.96,33.96,1,1,1.0
203,1,592.25,49.67,21.05,19.63,1,1,1.0
203,2,562.65,46.33,21.05,16.76,1,1,1.0
203,4,292.77,144.72,48.77,47.8,1,1,1.0
203,5,454.21,83.1,32.52,33.48,1,1,1.0
203,6,388.3,88.84,34.43,34.44,1,1,1.0
204,1,592.7,49.19,20.35,19.63,1,1,1.0
204,2,562.85,46.81,20.35,16.04,1,1,1.0
204,4,292.54,144.72,48.52,47.32,1,1,1.0
204,5,453.5,83.82,33.95,33.0,1,1,1.0
204,6,387.58,88.84,34.92,34.92,1,1,1.0
205,1,593.2,48.72,19.6,19.63,1,1,1.0
205,2,563.1,47.28,19.65,15.33,1,1,1.0
205,4,292.3,144.72,48.28,46.85,1,1,1.0
205,5,452.77,84.54,35.4,32.52,1,1,1.0
205,6,386.87,88.84,35.39,35.38,1,1,1.0
206,1,592.5,47.76,19.85,19.86,1,1,1.0
206,2,562.85,45.61,19.65,16.28,1,1,1.0
206,4,291.82,144.0,49.0,48.04,1,1,1.0
206,5,452.54,84.54,35.15,32.28,1,1,1.0
206,6,386.15,88.84,35.62,35.38,1,1,1.0
207,1,591.75,46.81,20.1,20.1,1,1,1.0
207,2,562.65,43.94,19.6,17.24,1,1,1.0
207,4,291.35,143.29,49.71,49.23,1,1,1.0
207,5,452.3,84.54,34.91,32.04,1,1,1.0
207,6,385.44,88.84,35.86,35.38,1,1,1.0
208,1,591.05,45.85,20.35,20.34,1,1,1.0
208,2,562.4,42.27,19.6,18.2,1,1,1.0
208,4,290.87,142.57,50.43,50.43,1,1,1.0
208,5,452.06,84.54,34.67,31.82,1,1,1.0
208,6,384.71,88.84,36.11,35.38,1,1,1.0
209,1,590.35,44.9,20.55,20.58,1,1,1.0
209,2,562.15,40.6,19.65,19.15,1,1,1.0
209,4,290.39,141.85,51.15,51.63,1,1,1.0
209,5,451.82,84.54,34.44,31.58,1,1,1.0
209,6,384.0,88.84,36.35,35.38,1,1,1.0
210,1,589.6,43.94,20.85,20.82,1,1,1.0
210,2,561.9,38.93,19.65,20.1,1,1,1.0
210,4,289.91,141.13,51.86,52.83,1,1,1.0
210,5,451.58,84.54,34.19,31.32,1,1,1.0
210,6,383.29,88.84,36.58,35.38,1,1,1.0
211,1,588.9,42.98,21.05,21.06,1,1,1.0
211,2,561.65,37.25,19.65,21.06,1,1,1.0
211,4,289.44,140.42,52.57,54.02,1,1,1.0
211,5,451.35,84.54,33.95,31.1,1,1,1.0
211,6,382.57,88.84,36.82,35.38,1,1,1.0
212,1,589.15,42.98,20.8,21.06,1,1,1.0
212,2,561.65,37.49,19.65,21.3,1,1,1.0
212,4,289.44,140.9,52.82,53.54,1,1,1.0
212,5,451.11,85.5,34.43,31.8,1,1,1.0
212,6,382.81,89.55,35.86,35.39,1,1,1.0
213,1,589.35,42.98,20.6,21.06,1,1,1.0
213,2,561.65,37.73,19.65,21.54,1,1,1.0
213,4,289.44,141.38,53.06,53.06,1,1,1.0
213,5,450.87,86.45,34.9,32.52,1,1,1.0
213,6,383.05,90.27,34.9,35.39,1,1,1.0
214,1,589.6,42.98,20.35,21.06,1,1,1.0
214,2,561.65,37.97,19.65,21.78,1,1,1.0
214,4,289.44,141.85,53.29,52.59,1,1,1.0
214,5,450.63,87.4,35.38,33.24,1,1,1.0
214,6,383.29,90.98,33.95,35.4,1,1,1.0
215,1,589.85,42.98,20.1,21.06,1,1,1.0
215,2,561.65,38.21,19.65,22.02,1,1,1.0
215,4,289.44,142.33,53.53,52.11,1,1,1.0
215,5,450.39,88.36,35.87,33.96,1,1,1.0
215,6,383.52,91.7,33.0,35.39,1,1,1.0
216,1,590.1,42.98,19.85,21.06,1,1,1.0
216,2,561.65,38.45,19.65,22.25,1,1,1.0
216,4,289.44,142.81,53.77,51.63,1,1,1.0
216,5,450.15,89.32,36.35,34.67,1,1,1.0
216,6,383.76,92.42,32.05,35.39,1,1,1.0
217,1,590.35,42.98,19.6,21.06,1,1,1.0
217,2,561.65,38.69,19.65,22.49,1,1,1.0
217,4,289.44,143.29,54.01,51.15,1,1,1.0
217,5,449.91,90.27,36.82,35.39,1,1,1.0
217,6,384.0,93.14,31.09,35.38,1,1,1.0
218,1,589.85,42.75,19.65,21.3,1,1,1.0
218,4,289.44,142.81,54.01,51.15,1,1,1.0
218,5,449.19,90.98,37.31,35.4,1,1,1.0
218,6,383.29,92.9,32.04,35.62,1,1,1.0
219,1,589.35,42.51,19.65,21.54,1,1,1.0
219,4,289.44,142.33,54.01,51.15,1,1,1.0
219,5,448.48,91.7,37.78,35.39,1,1,1.0
219,6,382.57,92.66,33.0,35.86,1,1,1.0
220,1,588.9,42.27,19.6,21.78,1,1,1.0
220,4,289.44,141.85,54.01,51.15,1,1,1.0
220,5,447.76,92.42,38.25,35.39,1,1,1.0
220,6,381.85,92.42,33.96,36.1,1,1,1.0
221,1,588.4,42.03,19.65,22.02,1,1,1.0
221,4,289.44,141.38,54.01,51.14,1,1,1.0
221,5,447.05,93.14,38.72,35.38,1,1,1.0
221,6,381.13,92.18,34.92,36.34,1,1,1.0
222,1,587.95,41.79,19.6,22.25,1,1,1.0
222,4,289.44,140.9,54.01,51.14,1,1,1.0
222,5,446.33,93.85,39.21,35.39,1,1,1.0
222,6,380.42,91.94,35.87,36.58,1,1,1.0
223,1,587.45,41.55,19.65,22.49,1,1,1.0
223,4,293.73,141.85,49.72,51.15,1,1,1.0
223,5,445.61,94.56,39.69,35.4,1,1,1.0
223,6,379.7,91.7,36.82,36.82,1,1,1.0
224,1,587.7,41.55,19.65,22.01,1,1,1.0
224,4,289.67,140.66,54.02,51.15,1,1,1.0
224,5,445.61,95.52,39.69,34.92,1,1,1.0
224,6,378.75,92.9,36.58,36.34,1,1,1.0
225,1,587.95,41.55,19.6,21.54,1,1,1.0
225,4,289.91,140.9,54.02,51.14,1,1,1.0
225,5,445.61,96.48,39.69,34.43,1,1,1.0
225,6,377.79,94.09,36.34,35.87,1,1,1.0
226,1,588.2,41.55,19.6,21.06,1,1,1.0
226,4,290.15,141.13,54.02,51.16,1,1,1.0
226,5,445.61,97.44,39.69,33.96,1,1,1.0
226,6,376.83,95.28,36.11,35.38,1,1,1.0
227,1,588.4,41.55,19.65,20.58,1,1,1.0
227,4,290.39,141.38,54.01,51.14,1,1,1.0
227,5,445.61,98.39,39.69,33.48,1,1,1.0
227,6,375.88,96.48,35.87,34.91,1,1,1.0
228,1,588.65,41.55,19.65,20.1,1,1,1.0
228,4,290.63,141.61,54.01,51.15,1,1,1.0
228,5,445.61,99.34,39.69,33.01,1,1,1.0
228,6,374.93,97.67,35.62,34.43,1,1,1.0
229,1,588.9,41.55,19.6,19.63,1,1,1.0
229,4,290.87,141.85,54.01,51.15,1,1,1.0
229,5,445.61,100.3,39.69,32.52,1,1,1.0
229,6,373.97,98.86,35.39,33.96,1,1,1.0
230,1,588.2,41.08,19.85,19.39,1,1,1.0
230,4,290.87,142.09,54.01,51.15,1,1,1.0
230,5,444.65,100.06,40.65,33.72,1,1,1.0
230,6,373.26,98.86,35.86,33.96,1,1,1.0
231,1,587.45,40.6,20.1,19.15,1,1,1.0
231,4,290.87,142.33,54.01,51.15,1,1,1.0
231,5,443.7,99.82,41.6,34.91,1,1,1.0
231,6,372.54,98.86,36.34,33.96,1,1,1.0
232,1,586.75,40.12,20.35,18.91,1,1,1.0
232,4,290.87,142.57,54.01,51.15,1,1,1.0
232,5,442.75,99.58,42.55,36.11,1,1,1.0
232,6,371.82,98.86,36.82,33.96,1,1,1.0
233,1,586.05,39.64,20.55,18.67,1,1,1.0
233,4,290.87,142.81,54.01,51.15,1,1,1.0
233,5,441.79,99.34,43.51,37.3,1,1,1.0
233,6,371.11,98.86,37.29,33.96,1,1,1.0
234,1,585.3,39.16,20.85,18.43,1,1,1.0
234,4,290.87,143.04,54.01,51.15,1,1,1.0
234,5,440.83,99.1,44.47,38.49,1,1,1.0
234,6,370.39,98.86,37.78,33.96,1,1,1.0
235,1,584.6,38.69,21.05,18.19,1,1,1.0
235,4,290.87,143.29,54.01,51.15,1,1,1.0
235,5,439.88,98.86,45.42,39.68,1,1,1.0
235,6,369.67,98.86,38.26,33.96,1,1,1.0
236,4,290.15,142.81,54.02,50.91,1,1,1.0
236,5,439.64,99.34,45.18,40.4,1,1,1.0
236,6,368.71,99.1,38.5,33.72,1,1,1.0
237,4,289.44,142.33,54.01,50.67,1,1,1.0
237,5,439.4,99.82,44.95,41.12,1,1,1.0
237,6,367.76,99.34,38.74,33.48,1,1,1.0
238,4,288.71,141.85,54.02,50.44,1,1,1.0
238,5,439.17,100.3,44.7,41.83,1,1,1.0
238,6,366.81,99.58,38.96,33.24,1,1,1.0
239,4,288.0,141.38,54.01,50.19,1,1,1.0
239,5,438.93,100.78,44.46,42.55,1,1,1.0
239,6,365.85,99.82,39.21,33.0,1,1,1.0
240,4,287.29,140.9,54.01,49.95,1,1,1.0
240,5,438.69,101.26,44.22,43.26,1,1,1.0
240,6,364.89,100.06,39.46,32.76,1,1,1.0
241,4,286.57,140.42,54.01,49.71,1,1,1.0
241,5,438.45,101.73,43.99,43.99,1,1,1.0
241,6,363.94,100.3,39.69,32.52,1,1,1.0
242,4,286.33,140.9,54.97,49.0,1,1,1.0
242,5,438.45,102.93,43.74,43.98,1,1,1.0
242,6,362.99,100.3,39.68,33.48,1,1,1.0
243,4,286.09,141.38,55.92,48.28,1,1,1.0
243,5,438.45,104.12,43.5,43.98,1,1,1.0
243,6,362.03,100.3,39.68,34.43,1,1,1.0
244,4,285.85,141.85,56.88,47.57,1,1,1.0
244,5,438.45,105.32,43.26,43.98,1,1,1.0
244,6,361.07,100.3,39.69,35.39,1,1,1.0
245,4,285.61,142.33,57.84,46.85,1,1,1.0
245,5,438.45,106.51,43.03,43.99,1,1,1.0
245,6,360.12,100.3,39.69,36.34,1,1,1.0
246,4,285.38,142.81,58.79,46.13,1,1,1.0
246,5,438.45,107.7,42.79,43.99,1,1,1.0
246,6,359.17,100.3,39.68,37.3,1,1,1.0
247,4,285.13,143.29,59.75,45.41,1,1,1.0
247,5,438.45,108.9,42.55,43.98,1,1,1.0
247,6,358.21,100.3,39.68,38.25,1,1,1.0
248,4,285.85,143.04,58.32,46.62,1,1,1.0
248,5,437.97,110.57,43.03,43.03,1,1,1.0
248,6,356.3,100.78,41.12,38.01,1,1,1.0
249,4,286.57,142.81,56.88,47.8,1,1,1.0
249,5,437.5,112.24,43.5,42.08,1,1,1.0
249,6,354.39,101.26,42.55,37.77,1,1,1.0
250,4,287.29,142.57,55.44,49.0,1,1,1.0
250,5,437.01,113.91,43.99,41.12,1,1,1.0
250,6,352.48,101.73,43.98,37.54,1,1,1.0
251,4,288.0,142.33,54.01,50.19,1,1,1.0
251,5,436.54,115.58,44.46,40.17,1,1,1.0
251,6,350.57,102.21,45.42,37.3,1,1,1.0
252,4,288.71,142.09,52.59,51.39,1,1,1.0
252,5,436.06,117.26,44.94,39.21,1,1,1.0
252,6,348.65,102.69,46.86,37.06,1,1,1.0
253,4,289.44,141.85,51.14,52.59,1,1,1.0
253,5,435.58,118.93,45.42,38.25,1,1,1.0
253,6,346.75,103.17,48.28,36.82,1,1,1.0
254,4,289.44,141.38,51.14,52.81,1,1,1.0
254,5,435.35,119.17,45.41,39.68,1,1,1.0
254,6,344.83,102.93,49.96,36.82,1,1,1.0
255,4,289.44,140.9,51.14,53.06,1,1,1.0
255,5,435.11,119.41,45.41,41.11,1,1,1.0
255,6,342.93,102.69,51.62,36.82,1,1,1.0
256,4,289.44,140.42,51.14,53.3,1,1,1.0
256,5,434.87,119.64,45.42,42.55,1,1,1.0
256,6,341.01,102.45,53.31,36.82,1,1,1.0
257,4,289.44,139.94,51.14,53.54,1,1,1.0
257,5,434.63,119.88,45.42,43.99,1,1,1.0
257,6,339.11,102.21,54.96,36.82,1,1,1.0
258,4,289.44,139.47,51.14,53.77,1,1,1.0
258,5,434.39,120.12,45.42,45.42,1,1,1.0
258,6,337.19,101.97,56.64,36.82,1,1,1.0
259,4,289.44,138.99,51.14,54.01,1,1,1.0
259,5,434.15,120.36,45.42,46.85,1,1,1.0
259,6,335.29,101.73,58.31,36.82,1,1,1.0
260,4,289.19,139.47,51.16,53.53,1,1,1.0
260,5,433.19,121.32,45.9,47.8,1,1,1.0
260,6,333.38,102.45,59.5,36.58,1,1,1.0
261,4,288.95,139.94,51.16,53.06,1,1,1.0
261,5,432.24,122.27,46.37,48.76,1,1,1.0
261,6,331.46,103.17,60.71,36.34,1,1,1.0
262,4,288.71,140.42,51.16,52.58,1,1,1.0
262,5,431.29,123.22,46.84,49.72,1,1,1.0
262,6,329.55,103.88,61.9,36.11,1,1,1.0
263,4,288.48,140.9,51.15,52.1,1,1,1.0
263,5,430.33,124.18,47.32,50.67,1,1,1.0
263,6,327.64,104.6,63.09,35.87,1,1,1.0
264,4,288.24,141.38,51.15,51.62,1,1,1.0
264,5,429.38,125.14,47.8,51.62,1,1,1.0
264,6,325.73,105.32,64.28,35.62,1,1,1.0
265,4,288.0,141.85,51.15,51.15,1,1,1.0
265,5,428.42,126.09,48.28,52.58,1,1,1.0
265,6,323.82,106.03,65.48,35.39,1,1,1.0
266,4,287.76,141.38,51.63,50.91,1,1,1.0
266,5,428.18,127.76,49.0,52.34,1,1,1.0
266,6,321.19,105.55,65.96,35.39,1,1,1.0
267,4,287.52,140.9,52.11,50.67,1,1,1.0
267,5,427.94,129.44,49.71,52.1,1,1,1.0
267,6,318.57,105.08,66.43,35.39,1,1,1.0
268,4,287.29,140.42,52.58,50.43,1,1,1.0
268,5,427.7,131.1,50.43,51.87,1,1,1.0
268,6,315.94,104.6,66.91,35.39,1,1,1.0
269,4,287.05,139.94,53.06,50.19,1,1,1.0
269,5,427.46,132.78,51.15,51.63,1,1,1.0
269,6,313.32,104.12,67.38,35.39,1,1,1.0
270,4,286.81,139.47,53.54,49.95,1,1,1.0
270,5,427.23,134.45,51.86,51.39,1,1,1.0
270,6,310.69,103.64,67.86,35.39,1,1,1.0
271,4,286.57,138.99,54.01,49.71,1,1,1.0
271,5,426.99,136.12,52.58,51.15,1,1,1.0
271,6,308.06,103.17,68.34,35.38,1,1,1.0
272,4,287.05,140.18,53.53,48.52,1,1,1.0
272,5,426.03,137.79,53.3,50.91,1,1,1.0
272,6,306.63,103.88,68.1,36.11,1,1,1.0
273,4,287.52,141.38,53.06,47.32,1,1,1.0
273,5,425.07,139.47,54.02,50.66,1,1,1.0
273,6,305.19,104.6,67.87,36.82,1,1,1.0
274,4,288.0,142.57,52.58,46.13,1,1,1.0
274,5,424.12,141.13,54.73,50.44,1,1,1.0
274,6,303.76,105.32,67.63,37.53,1,1,1.0
275,4,288.48,143.76,52.1,44.94,1,1,1.0
275,5,423.17,142.81,55.44,50.19,1,1,1.0
275,6,302.33,106.03,67.38,38.26,1,1,1.0
276,4,288.95,144.96,51.63,43.74,1,1,1.0
276,5,422.21,144.48,56.17,49.96,1,1,1.0
276,6,300.89,106.75,67.16,38.97,1,1,1.0
277,4,289.44,146.15,51.14,42.55,1,1,1.0
277,5,421.26,146.15,56.87,49.72,1,1,1.0
277,6,299.46,107.47,66.92,39.68,1,1,1.0
278,4,289.44,145.44,51.38,43.5,1,1,1.0
278,5,421.01,148.3,56.88,49.96,1,1,1.0
278,6,295.88,108.42,69.06,38.97,1,1,1.0
279,4,289.44,144.72,51.62,44.46,1,1,1.0
279,5,420.77,150.45,56.88,50.19,1,1,1.0
279,6,292.3,109.38,71.21,38.25,1,1,1.0
280,4,289.44,144.0,51.86,45.42,1,1,1.0
280,5,420.54,152.6,56.88,50.43,1,1,1.0
280,6,288.71,110.33,73.36,37.54,1,1,1.0
281,4,289.44,143.29,52.1,46.37,1,1,1.0
281,5,420.3,154.75,56.88,50.67,1,1,1.0
281,6,285.13,111.29,75.51,36.81,1,1,1.0
282,4,289.44,142.57,52.33,47.33,1,1,1.0
282,5,420.06,156.9,56.88,50.91,1,1,1.0
282,6,281.55,112.24,77.66,36.11,1,1,1.0
283,4,289.44,141.85,52.57,48.28,1,1,1.0
283,5,419.82,159.04,56.88,51.15,1,1,1.0
283,6,277.97,113.19,79.8,35.39,1,1,1.0
284,4,289.91,141.13,52.1,49.0,1,1,1.0
284,5,417.91,159.29,57.6,53.77,1,1,1.0
285,4,290.39,140.42,51.62,49.71,1,1,1.0
285,5,416.0,159.52,58.32,56.41,1,1,1.0
286,4,290.87,139.7,51.14,50.43,1,1,1.0
286,5,414.09,159.76,59.03,59.03,1,1,1.0
287,4,291.35,138.99,50.66,51.14,1,1,1.0
287,5,412.18,160.0,59.75,61.66,1,1,1.0
288,4,291.82,138.27,50.19,51.86,1,1,1.0
288,5,410.27,160.24,60.46,64.28,1,1,1.0
289,4,292.3,137.55,49.71,52.58,1,1,1.0
289,5,408.36,160.48,61.18,66.91,1,1,1.0
290,4,292.06,138.27,49.48,52.58,1,1,1.0
290,5,407.17,163.35,62.37,67.38,1,1,1.0
291,4,291.82,138.99,49.24,52.58,1,1,1.0
291,5,405.97,166.21,63.57,67.86,1,1,1.0
292,4,291.58,139.7,49.0,52.59,1,1,1.0
292,5,404.77,169.07,64.77,68.35,1,1,1.0
293,4,291.35,140.42,48.76,52.58,1,1,1.0
293,5,403.58,171.94,65.96,68.82,1,1,1.0
294,4,291.11,141.13,48.52,52.59,1,1,1.0
294,5,402.39,174.81,67.15,69.29,1,1,1.0
295,4,290.87,141.85,48.28,52.59,1,1,1.0
295,5,401.19,177.67,68.35,69.78,1,1,1.0
296,4,291.11,141.13,48.28,52.11,1,1,1.0
296,5,399.05,179.82,68.58,69.78,1,1,1.0
297,4,291.35,140.42,48.28,51.62,1,1,1.0
297,5,396.89,181.97,68.82,69.78,1,1,1.0
298,4,291.58,139.7,48.29,51.15,1,1,1.0
298,5,394.75,184.12,69.06,69.78,1,1,1.0
299,4,291.82,138.99,48.29,50.67,1,1,1.0
299,5,392.6,186.27,69.29,69.77,1,1,1.0
300,4,292.06,138.27,48.29,50.2,1,1,1.0
300,5,390.45,188.42,69.54,69.77,1,1,1.0
301,4,292.3,137.55,48.28,49.72,1,1,1.0
301,5,388.3,190.57,69.77,69.78,1,1,1.0
302,4,292.06,138.03,48.29,50.19,1,1,1.0
302,5,387.35,193.44,70.48,71.92,1,1,1.0
303,4,291.82,138.51,48.29,50.67,1,1,1.0
303,5,386.39,196.3,71.21,74.08,1,1,1.0
304,4,291.58,138.99,48.29,51.14,1,1,1.0
304,5,385.44,199.16,71.92,76.23,1,1,1.0
305,4,291.35,139.47,48.28,51.62,1,1,1.0
305,5,384.48,202.03,72.64,78.37,1,1,1.0
306,4,291.11,139.94,48.28,52.1,1,1,1.0
306,5,383.52,204.9,73.36,80.52,1,1,1.0
307,4,290.87,140.42,48.28,52.58,1,1,1.0
307,5,382.57,207.76,74.07,82.68,1,1,1.0
308,4,290.63,140.66,49.0,52.58,1,1,1.0
308,5,379.46,211.82,76.23,83.15,1,1,1.0
309,4,290.39,140.9,49.72,52.58,1,1,1.0
309,5,376.36,215.88,78.37,83.63,1,1,1.0
310,4,290.15,141.13,50.43,52.59,1,1,1.0
310,5,373.26,219.94,80.51,84.11,1,1,1.0
311,4,289.91,141.38,51.15,52.58,1,1,1.0
311,5,370.15,224.0,82.67,84.58,1,1,1.0
312,4,289.67,141.61,51.87,52.58,1,1,1.0
312,5,367.05,228.06,84.82,85.06,1,1,1.0
313,4,289.44,141.85,52.57,52.59,1,1,1.0
313,5,363.94,232.12,86.97,85.53,1,1,1.0
314,4,288.95,141.61,52.59,51.87,1,1,1.0
314,5,360.83,236.66,88.65,87.21,1,1,1.0
315,4,288.48,141.38,52.58,51.14,1,1,1.0
315,5,357.73,241.19,90.32,88.88,1,1,1.0
316,4,288.0,141.13,52.58,50.44,1,1,1.0
316,5,354.63,245.73,91.98,90.56,1,1,1.0
317,4,287.52,140.9,52.59,49.71,1,1,1.0
317,5,351.52,250.27,93.66,92.23,1,1,1.0
318,4,287.05,140.66,52.58,49.0,1,1,1.0
318,5,348.42,254.81,95.33,93.89,1,1,1.0
319,4,286.57,140.42,52.58,48.28,1,1,1.0
319,5,345.32,259.35,97.0,95.56,1,1,1.0
319,7,826.75,375.4,134.25,127.1,1,1,1.0
320,4,286.57,140.42,52.82,49.0,1,1,1.0
320,5,341.97,264.6,98.2,98.43,1,1,1.0
320,7,819.1,365.61,141.9,124.94,1,1,1.0
321,4,286.57,140.42,53.06,49.71,1,1,1.0
321,5,338.63,269.85,99.38,101.3,1,1,1.0
321,7,811.45,355.82,149.55,122.79,1,1,1.0
322,4,286.57,140.42,53.3,50.43,1,1,1.0
322,5,335.29,275.11,100.58,104.16,1,1,1.0
322,7,803.8,346.03,157.2,120.64,1,1,1.0
323,4,286.57,140.42,53.54,51.15,1,1,1.0
323,5,331.94,280.36,101.77,107.03,1,1,1.0
323,7,796.2,336.24,151.9,118.49,1,1,1.0
324,4,286.57,140.42,53.78,51.87,1,1,1.0
324,5,328.6,285.61,102.97,109.9,1,1,1.0
324,7,788.55,326.45,158.1,116.34,1,1,1.0
325,4,286.57,140.42,54.01,52.58,1,1,1.0
325,5,325.26,290.87,104.16,112.76,1,1,1.0
325,7,780.9,316.65,164.35,114.2,1,1,1.0
326,4,286.33,140.42,54.25,52.34,1,1,1.0
326,5,320.95,296.6,106.8,116.58,1,1,1.0
326,7,775.9,309.01,159.05,112.29,1,1,1.0
327,4,286.09,140.42,54.49,52.1,1,1,1.0
327,5,316.65,302.33,109.42,120.4,1,1,1.0
327,7,770.85,301.38,153.85,110.37,1,1,1.0
328,4,285.85,140.42,54.73,51.87,1,1,1.0
328,5,312.36,308.06,112.04,124.23,1,1,1.0
328,7,765.85,293.73,148.6,108.46,1,1,1.0
329,4,285.61,140.42,54.97,51.62,1,1,1.0
329,5,308.06,313.79,114.67,128.04,1,1,1.0
329,7,760.85,286.09,143.3,106.55,1,1,1.0
330,4,285.38,140.42,55.2,51.39,1,1,1.0
330,5,303.76,319.52,117.3,131.87,1,1,1.0
330,7,755.8,278.45,138.1,104.64,1,1,1.0
331,4,285.13,140.42,55.45,51.15,1,1,1.0
331,5,299.46,325.26,119.93,135.68,1,1,1.0
331,7,750.8,270.81,132.85,102.73,1,1,1.0
332,4,284.65,140.66,55.46,51.38,1,1,1.0
332,5,293.97,333.85,122.55,139.03,1,1,1.0
332,7,746.25,264.6,129.95,101.53,1,1,1.0
333,4,284.18,140.9,55.45,51.62,1,1,1.0
333,5,288.48,342.45,125.17,142.37,1,1,1.0
333,7,741.75,258.39,127.05,100.34,1,1,1.0
334,4,283.7,141.13,55.45,51.87,1,1,1.0
334,5,282.99,351.05,127.8,145.71,1,1,1.0
334,7,737.2,252.18,124.2,99.15,1,1,1.0
335,4,283.23,141.38,55.44,52.1,1,1,1.0
335,5,277.5,359.64,130.43,149.06,1,1,1.0
335,7,732.65,245.97,121.35,97.96,1,1,1.0
336,4,282.75,141.61,55.44,52.35,1,1,1.0
336,5,272.0,368.24,133.06,152.41,1,1,1.0
336,7,728.1,239.76,118.5,96.76,1,1,1.0
337,4,282.27,141.85,55.44,52.59,1,1,1.0
337,5,266.51,376.83,135.68,155.77,1,1,1.0
337,7,723.6,233.55,115.6,95.57,1,1,1.0
338,4,282.99,141.85,54.25,52.59,1,1,1.0
338,5,258.15,387.35,140.23,145.95,1,1,1.0
338,7,719.75,228.78,113.25,92.46,1,1,1.0
339,4,283.7,141.85,53.06,52.59,1,1,1.0
339,5,249.79,397.85,144.76,136.15,1,1,1.0
339,7,715.95,224.0,110.85,89.36,1,1,1.0
340,4,284.42,141.85,51.87,52.59,1,1,1.0
340,5,241.44,408.36,149.29,126.39,1,1,1.0
340,7,712.1,219.22,108.5,86.26,1,1,1.0
341,4,285.13,141.85,50.68,52.59,1,1,1.0
341,5,233.07,418.87,153.84,122.13,1,1,1.0
341,7,708.3,214.45,106.05,83.15,1,1,1.0
342,4,285.85,141.85,49.48,52.59,1,1,1.0
342,5,224.72,429.38,158.37,111.62,1,1,1.0
342,7,704.5,209.67,103.65,80.04,1,1,1.0
343,4,286.57,141.85,48.28,52.59,1,1,1.0
343,5,216.36,439.88,162.91,101.12,1,1,1.0
343,7,700.65,204.9,101.3,76.93,1,1,1.0
344,4,286.33,142.81,48.76,51.86,1,1,1.0
344,7,697.55,202.51,100.1,74.31,1,1,1.0
345,4,286.09,143.76,49.24,51.15,1,1,1.0
345,7,694.45,200.12,98.9,71.69,1,1,1.0
346,4,285.85,144.72,49.72,50.43,1,1,1.0
346,7,691.35,197.73,97.7,69.06,1,1,1.0
347,4,285.61,145.67,50.2,49.72,1,1,1.0
347,7,688.25,195.35,96.5,66.42,1,1,1.0
348,4,285.38,146.63,50.67,49.0,1,1,1.0
348,7,685.15,192.96,95.3,63.8,1,1,1.0
349,4,285.13,147.58,51.16,48.29,1,1,1.0
349,7,682.05,190.57,94.1,61.18,1,1,1.0
349,8,871.15,425.55,89.85,98.45,1,1,1.0
350,4,284.42,147.35,51.63,48.75,1,1,1.0
350,7,680.1,186.75,92.0,60.7,1,1,1.0
350,8,862.1,412.89,98.9,101.76,1,1,1.0
351,4,283.7,147.1,52.11,49.25,1,1,1.0
351,7,678.2,182.93,89.85,60.22,1,1,1.0
351,8,853.0,400.24,108.0,105.11,1,1,1.0
352,4,282.99,146.87,52.58,49.71,1,1,1.0
352,7,676.3,179.1,87.7,59.75,1,1,1.0
352,8,843.95,387.58,117.05,108.47,1,1,1.0
353,4,282.27,146.63,53.06,50.19,1,1,1.0
353,7,674.4,175.29,85.55,59.26,1,1,1.0
353,8,834.85,374.93,126.15,111.8,1,1,1.0
354,4,281.55,146.39,53.54,50.67,1,1,1.0
354,7,672.5,171.47,83.35,58.79,1,1,1.0
354,8,825.8,362.27,135.2,115.15,1,1,1.0
355,4,280.83,146.15,54.02,51.15,1,1,1.0
355,7,670.55,167.64,81.25,58.32,1,1,1.0
355,8,816.7,349.61,144.3,118.5,1,1,1.0
356,4,281.07,147.1,54.26,51.16,1,1,1.0
356,7,668.65,165.73,79.8,57.6,1,1,1.0
356,8,810.5,340.54,150.5,116.34,1,1,1.0
357,4,281.32,148.06,54.49,51.15,1,1,1.0
357,7,666.75,163.82,78.35,56.88,1,1,1.0
357,8,804.3,331.46,140.95,114.19,1,1,1.0
358,4,281.55,149.01,54.74,51.15,1,1,1.0
358,7,664.85,161.91,76.95,56.16,1,1,1.0
358,8,798.1,322.39,142.85,112.05,1,1,1.0
359,4,281.79,149.97,54.97,51.15,1,1,1.0
359,7,662.95,160.0,75.5,55.45,1,1,1.0
359,8,791.9,313.32,144.75,109.89,1,1,1.0
360,4,282.03,150.93,55.21,51.14,1,1,1.0
360,7,661.0,158.09,74.1,54.73,1,1,1.0
360,8,785.65,304.24,146.7,107.75,1,1,1.0
361,4,282.27,151.88,55.44,51.15,1,1,1.0
361,7,659.1,156.18,72.65,54.01,1,1,1.0
361,8,779.45,295.17,148.6,105.59,1,1,1.0
362,4,281.79,151.64,55.92,51.15,1,1,1.0
362,7,657.45,154.27,71.65,52.82,1,1,1.0
362,8,773.75,289.19,144.75,102.02,1,1,1.0
363,4,281.32,151.41,56.39,51.14,1,1,1.0
363,7,655.75,152.36,70.75,51.63,1,1,1.0
363,8,768.0,283.23,140.95,98.42,1,1,1.0
364,4,280.83,151.16,56.88,51.16,1,1,1.0
364,7,654.1,150.45,69.75,50.43,1,1,1.0
364,8,762.25,277.26,137.15,94.85,1,1,1.0
365,4,280.36,150.93,57.35,51.14,1,1,1.0
365,7,652.4,148.54,68.85,49.24,1,1,1.0
365,8,756.55,271.29,133.3,91.26,1,1,1.0
366,4,279.88,150.69,57.83,51.15,1,1,1.0
366,7,650.75,146.63,67.85,48.04,1,1,1.0
366,8,750.8,265.32,129.5,87.68,1,1,1.0
367,4,279.4,150.45,58.31,51.15,1,1,1.0
367,7,649.05,144.72,66.95,46.85,1,1,1.0
367,8,745.05,259.35,125.7,84.1,1,1,1.0
368,4,279.17,151.16,58.31,52.11,1,1,1.0
368,7,647.65,142.81,66.2,46.85,1,1,1.0
368,8,741.95,253.61,122.35,84.34,1,1,1.0
369,4,278.93,151.88,58.31,53.06,1,1,1.0
369,7,646.2,140.9,65.5,46.85,1,1,1.0
369,8,738.85,247.88,119.0,84.58,1,1,1.0
370,4,278.69,152.6,58.31,54.01,1,1,1.0
370,7,644.8,138.99,64.75,46.85,1,1,1.0
370,8,735.75,242.15,115.65,84.82,1,1,1.0
371,4,278.45,153.32,58.31,54.97,1,1,1.0
371,7,643.35,137.07,64.05,46.86,1,1,1.0
371,8,732.65,236.42,112.3,85.06,1,1,1.0
372,4,278.21,154.03,58.31,55.93,1,1,1.0
372,7,641.9,135.16,63.35,46.85,1,1,1.0
372,8,729.55,230.69,108.95,85.3,1,1,1.0
373,4,277.97,154.75,58.32,56.88,1,1,1.0
373,7,640.5,133.26,62.6,46.84,1,1,1.0
373,8,726.45,224.96,105.6,85.54,1,1,1.0
374,4,277.97,155.22,57.6,56.65,1,1,1.0
374,7,638.8,131.1,62.4,46.86,1,1,1.0
374,8,723.35,221.61,103.7,82.2,1,1,1.0
375,4,277.97,155.7,56.88,56.4,1,1,1.0
375,7,637.15,128.96,62.1,46.85,1,1,1.0
375,8,720.25,218.27,101.75,78.85,1,1,1.0
376,4,277.97,156.18,56.16,56.17,1,1,1.0
376,7,635.45,126.81,61.9,46.85,1,1,1.0
376,8,717.15,214.93,99.85,75.51,1,1,1.0
377,4,277.97,156.66,55.45,55.92,1,1,1.0
377,7,633.8,124.66,61.65,46.85,1,1,1.0
377,8,714.05,211.58,97.95,72.17,1,1,1.0
378,4,277.97,157.13,54.73,55.69,1,1,1.0
378,7,632.1,122.51,61.45,46.85,1,1,1.0
378,8,710.95,208.24,96.0,68.82,1,1,1.0
379,4,277.97,157.61,54.02,55.45,1,1,1.0
379,7,630.45,120.36,61.2,46.85,1,1,1.0
379,8,707.8,204.9,94.15,65.48,1,1,1.0
380,4,277.5,158.09,55.2,56.64,1,1,1.0
380,7,629.95,118.69,60.25,46.13,1,1,1.0
380,8,705.2,201.07,92.0,64.53,1,1,1.0
381,4,277.01,158.57,56.41,57.84,1,1,1.0
381,7,629.5,117.02,59.25,45.42,1,1,1.0
381,8,702.55,197.26,89.85,63.56,1,1,1.0
382,4,276.54,159.04,57.59,59.03,1,1,1.0
382,7,629.0,115.35,58.35,44.69,1,1,1.0
382,8,699.95,193.44,87.7,62.6,1,1,1.0
383,4,276.06,159.52,58.79,60.23,1,1,1.0
383,7,628.55,113.67,57.35,43.99,1,1,1.0
383,8,697.3,189.61,85.55,61.66,1,1,1.0
384,4,275.58,160.0,59.99,61.42,1,1,1.0
384,7,628.05,112.0,56.4,43.27,1,1,1.0
384,8,694.7,185.79,83.35,60.71,1,1,1.0
385,4,275.11,160.48,61.18,62.61,1,1,1.0
385,7,627.6,110.33,55.45,42.55,1,1,1.0
385,8,692.05,181.97,81.25,59.75,1,1,1.0
386,4,275.11,160.24,60.46,62.14,1,1,1.0
386,7,626.85,109.61,54.5,42.32,1,1,1.0
386,8,689.9,178.39,80.55,59.99,1,1,1.0
387,4,275.11,160.0,59.74,61.66,1,1,1.0
387,7,626.15,108.9,53.55,42.07,1,1,1.0
387,8,687.75,174.81,79.8,60.22,1,1,1.0
388,4,275.11,159.76,59.02,61.18,1,1,1.0
388,7,625.45,108.18,52.55,41.83,1,1,1.0
388,8,685.6,171.22,79.1,60.47,1,1,1.0
389,4,275.11,159.52,58.31,60.7,1,1,1.0
389,7,624.7,107.47,51.65,41.59,1,1,1.0
389,8,683.45,167.64,78.4,60.71,1,1,1.0
390,4,275.11,159.29,57.59,60.22,1,1,1.0
390,7,624.0,106.75,50.65,41.35,1,1,1.0
390,8,681.3,164.06,77.65,60.94,1,1,1.0
391,4,275.11,159.04,56.88,59.75,1,1,1.0
391,7,623.3,106.03,49.7,41.12,1,1,1.0
391,8,679.15,160.48,76.95,61.18,1,1,1.0
392,4,274.63,159.76,57.36,60.23,1,1,1.0
392,7,622.55,104.6,49.25,40.64,1,1,1.0
392,8,677.25,158.09,75.75,59.51,1,1,1.0
393,4,274.15,160.48,57.84,60.7,1,1,1.0
393,7,621.85,103.17,48.75,40.16,1,1,1.0
393,8,675.35,155.7,74.55,57.84,1,1,1.0
394,4,273.67,161.19,58.32,61.19,1,1,1.0
394,7,621.15,101.73,48.25,39.69,1,1,1.0
394,8,673.45,153.32,73.35,56.16,1,1,1.0
395,4,273.19,161.91,58.8,61.66,1,1,1.0
395,7,620.4,100.3,47.8,39.21,1,1,1.0
395,8,671.5,150.93,72.2,54.49,1,1,1.0
396,4,272.71,162.63,59.28,62.13,1,1,1.0
396,7,619.7,98.86,47.35,38.74,1,1,1.0
396,8,669.6,148.54,71.0,52.82,1,1,1.0
397,4,272.24,163.35,59.75,62.61,1,1,1.0
397,7,619.0,97.44,46.85,38.26,1,1,1.0
397,8,667.7,146.15,69.8,51.15,1,1,1.0
398,4,272.24,164.3,59.51,62.37,1,1,1.0
398,7,617.8,96.0,46.85,38.01,1,1,1.0
398,8,666.25,145.19,68.85,49.48,1,1,1.0
399,4,272.24,165.26,59.27,62.13,1,1,1.0
399,7,616.6,94.56,46.85,37.78,1,1,1.0
399,8,664.85,144.24,67.85,47.8,1,1,1.0
400,4,272.24,166.21,59.03,61.89,1,1,1.0
400,7,615.4,93.14,46.85,37.53,1,1,1.0
400,8,663.4,143.29,66.9,46.13,1,1,1.0
401,4,272.24,167.16,58.79,61.66,1,1,1.0
401,7,614.2,91.7,46.85,37.3,1,1,1.0
401,8,661.95,142.33,66.0,44.46,1,1,1.0
402,4,272.24,168.12,58.55,61.42,1,1,1.0
402,7,613.0,90.27,46.85,37.06,1,1,1.0
402,8,660.55,141.38,65.0,42.78,1,1,1.0
403,4,272.24,169.07,58.31,61.19,1,1,1.0
403,7,611.8,88.84,46.85,36.83,1,1,1.0
403,8,659.1,140.42,64.05,41.12,1,1,1.0
404,4,272.24,169.55,58.31,61.66,1,1,1.0
404,7,611.6,88.36,45.65,36.34,1,1,1.0
404,8,657.9,138.51,63.1,41.36,1,1,1.0
405,4,272.24,170.03,58.31,62.13,1,1,1.0
405,7,611.35,87.88,44.45,35.87,1,1,1.0
405,8,656.7,136.6,62.15,41.59,1,1,1.0
406,4,272.24,170.51,58.31,62.61,1,1,1.0
406,7,611.1,87.4,43.25,35.38,1,1,1.0
406,8,655.5,134.69,61.2,41.83,1,1,1.0
407,4,272.24,170.99,58.31,63.08,1,1,1.0
407,7,610.85,86.92,42.1,34.9,1,1,1.0
407,8,654.35,132.78,60.2,42.07,1,1,1.0
408,4,272.24,171.47,58.31,63.56,1,1,1.0
408,7,610.65,86.45,40.85,34.43,1,1,1.0
408,8,653.15,130.87,59.25,42.31,1,1,1.0
409,4,272.24,171.94,58.31,64.05,1,1,1.0
409,7,610.4,85.97,39.65,33.96,1,1,1.0
409,8,651.95,128.96,58.3,42.55,1,1,1.0
410,4,271.52,173.13,59.03,63.57,1,1,1.0
410,7,609.65,85.02,40.4,34.2,1,1,1.0
410,8,650.75,127.05,57.6,42.79,1,1,1.0
411,4,270.81,174.33,59.74,63.09,1,1,1.0
411,7,608.95,84.06,41.1,34.44,1,1,1.0
411,8,649.55,125.14,56.9,43.02,1,1,1.0
412,4,270.09,175.52,60.46,62.61,1,1,1.0
412,7,608.25,83.1,41.8,34.67,1,1,1.0
412,8,648.35,123.22,56.15,43.28,1,1,1.0
413,4,269.38,176.72,61.17,62.13,1,1,1.0
413,7,607.5,82.15,42.55,34.91,1,1,1.0
413,8,647.15,121.32,55.45,43.5,1,1,1.0
414,4,268.65,177.91,61.9,61.66,1,1,1.0
414,7,606.8,81.19,43.25,35.16,1,1,1.0
414,8,645.95,119.41,54.75,43.74,1,1,1.0
415,4,267.94,179.1,62.61,61.19,1,1,1.0
415,7,606.1,80.24,43.95,35.39,1,1,1.0
415,8,644.8,117.5,54.0,43.98,1,1,1.0
416,4,267.23,180.3,62.6,61.18,1,1,1.0
416,7,605.6,79.76,43.3,35.15,1,1,1.0
416,8,643.1,115.82,53.8,43.99,1,1,1.0
417,4,266.51,181.5,62.61,61.17,1,1,1.0
417,7,605.15,79.28,42.55,34.9,1,1,1.0
417,8,641.45,114.15,53.5,43.98,1,1,1.0
418,4,265.79,182.69,62.61,61.18,1,1,1.0
418,7,604.65,78.81,41.85,34.67,1,1,1.0
418,8,639.75,112.48,53.3,43.99,1,1,1.0
419,4,265.07,183.88,62.62,61.18,1,1,1.0
419,7,604.2,78.33,41.1,34.43,1,1,1.0
419,8,638.1,110.81,53.05,43.98,1,1,1.0
420,4,264.36,185.07,62.61,61.19,1,1,1.0
420,7,603.7,77.85,40.4,34.2,1,1,1.0
420,8,636.4,109.14,52.85,43.98,1,1,1.0
421,4,263.64,186.27,62.62,61.18,1,1,1.0
421,7,603.2,77.38,39.7,33.96,1,1,1.0
421,8,634.75,107.47,52.6,43.98,1,1,1.0
421,9,848.25,399.76,112.75,132.84,1,1,1.0
422,4,263.64,186.51,62.13,63.33,1,1,1.0
422,7,603.0,76.66,39.45,33.72,1,1,1.0
422,8,633.8,106.03,52.1,43.03,1,1,1.0
422,9,840.1,388.06,120.9,132.34,1,1,1.0
423,4,263.64,186.75,61.66,65.47,1,1,1.0
423,7,602.75,75.94,39.2,33.48,1,1,1.0
423,8,632.85,104.6,51.6,42.07,1,1,1.0
423,9,832.0,376.36,129.0,131.84,1,1,1.0
424,4,263.64,186.99,61.18,67.62,1,1,1.0
424,7,602.5,75.22,39.0,33.24,1,1,1.0
424,8,631.9,103.17,51.15,41.12,1,1,1.0
424,9,823.9,364.65,137.1,131.4,1,1,1.0
425,4,263.64,187.22,60.71,69.78,1,1,1.0
425,7,602.25,74.5,38.75,33.01,1,1,1.0
425,8,630.95,101.73,50.65,40.17,1,1,1.0
425,9,815.75,352.95,145.25,130.92,1,1,1.0
426,4,263.64,187.47,60.23,71.92,1,1,1.0
426,7,602.05,73.79,38.45,32.76,1,1,1.0
426,8,629.95,100.3,50.2,39.21,1,1,1.0
426,9,807.65,341.26,153.35,130.43,1,1,1.0
427,4,263.64,187.7,59.75,74.07,1,1,1.0
427,7,601.8,73.08,38.25,32.52,1,1,1.0
427,8,629.0,98.86,49.75,38.26,1,1,1.0
427,9,799.5,329.55,161.5,129.96,1,1,1.0
428,4,262.69,188.66,61.42,74.07,1,1,1.0
428,7,601.05,72.6,37.8,32.28,1,1,1.0
428,8,628.05,97.91,49.5,38.73,1,1,1.0
428,9,792.85,321.67,154.3,127.09,1,1,1.0
429,4,261.73,189.61,63.09,74.08,1,1,1.0
429,7,600.35,72.12,37.3,32.05,1,1,1.0
429,8,627.1,96.96,49.25,39.2,1,1,1.0
429,9,786.15,313.79,152.9,124.22,1,1,1.0
430,4,260.77,190.57,64.77,74.07,1,1,1.0
430,7,599.65,71.64,36.8,31.81,1,1,1.0
430,8,626.15,96.0,49.0,39.69,1,1,1.0
430,9,779.45,305.91,151.45,121.36,1,1,1.0
431,4,259.82,191.52,66.44,74.08,1,1,1.0
431,7,598.95,71.17,36.3,31.56,1,1,1.0
431,8,625.2,95.04,48.75,40.16,1,1,1.0
431,9,772.8,298.03,150.0,118.49,1,1,1.0
432,4,258.87,192.48,68.1,74.07,1,1,1.0
432,7,598.2,70.68,35.85,31.34,1,1,1.0
432,8,624.25,94.09,48.5,40.64,1,1,1.0
432,9,766.1,290.15,148.55,115.62,1,1,1.0
433,4,257.91,193.44,69.78,74.07,1,1,1.0
433,7,597.5,70.21,35.4,31.09,1,1,1.0
433,8,623.3,93.14,48.25,41.12,1,1,1.0
433,9,759.4,282.27,147.15,112.76,1,1,1.0
434,4,256.48,194.51,70.13,74.43,1,1,1.0
434,7,597.15,69.14,35.35,30.73,1,1,1.0
434,8,623.3,92.42,46.85,40.05,1,1,1.0
434,9,753.65,275.46,143.6,110.25,1,1,1.0
435,4,255.04,195.58,70.5,74.8,1,1,1.0
435,7,596.8,68.06,35.35,30.38,1,1,1.0
435,8,623.3,91.7,45.4,38.97,1,1,1.0
435,9,747.95,268.65,140.0,107.75,1,1,1.0
436,4,253.61,196.66,70.85,75.15,1,1,1.0
436,7,596.4,66.98,35.4,30.02,1,1,1.0
436,8,623.3,90.98,43.95,37.9,1,1,1.0
436,9,742.2,261.85,136.4,105.24,1,1,1.0
437,4,252.18,197.73,71.21,75.51,1,1,1.0
437,7,596.05,65.91,35.4,29.66,1,1,1.0
437,8,623.3,90.27,42.55,36.82,1,1,1.0
437,9,736.5,255.04,132.8,102.73,1,1,1.0
