1,1,321.0127258300781,123.78795623779297,63.38043212890625,34.88080596923828,0.7657766342163086
1,2,143.89584350585938,269.38616943359375,73.14175415039062,76.4791259765625,0.45808637142181396
1,3,561.1067504882812,177.51878356933594,125.2950439453125,48.210479736328125,0.4349035322666168
1,4,144.3658905029297,269.27874755859375,73.19796752929688,76.697998046875,0.27541282773017883
1,5,562.1805419921875,177.35105895996094,94.610107421875,54.134124755859375,0.26756101846694946
1,6,646.9359741210938,185.23155212402344,37.9967041015625,24.054656982421875,0.2580711841583252
2,1,319.0790710449219,123.87174224853516,60.692230224609375,33.39855194091797,0.7158259153366089
2,2,146.92466735839844,270.9781188964844,73.89823913574219,77.294189453125,0.25030580163002014
2,3,551.3237915039062,174.75311279296875,130.86248779296875,50.450958251953125,0.5100444555282593
2,4,147.4799346923828,271.497802734375,73.014892578125,76.49502563476562,0.4722059369087219
3,1,316.8939208984375,124.02603912353516,56.64898681640625,31.085594177246094,0.657982349395752
3,2,150.128662109375,273.20220947265625,75.60446166992188,79.11624145507812,0.2750411033630371
3,3,539.6815795898438,173.0332794189453,134.4093017578125,51.987396240234375,0.3777567446231842
3,4,150.3847198486328,274.556396484375,74.176025390625,77.68838500976562,0.5499399304389954
4,1,311.4700927734375,123.53797912597656,56.412994384765625,30.799484252929688,0.7758020758628845
4,3,530.8309936523438,172.28692626953125,133.7447509765625,51.95109558105469,0.46660178899765015
4,4,152.6069793701172,277.6664123535156,75.15675354003906,78.7044677734375,0.45386436581611633
5,1,308.70440673828125,123.05669403076172,55.131622314453125,29.98406219482422,0.5611664652824402
5,3,524.5867919921875,171.9801483154297,128.732421875,50.167694091796875,0.5135226249694824
5,4,156.54991149902344,280.45166015625,76.57765197753906,80.37860107421875,0.36415305733680725
6,1,304.8130798339844,121.77108001708984,57.349395751953125,31.193092346191406,0.5775097608566284
6,3,521.2180786132812,170.54258728027344,122.17431640625,47.9229736328125,0.2939971685409546
6,4,158.4153289794922,280.9667663574219,78.3441162109375,82.29916381835938,0.4254385232925415
7,1,301.70880126953125,120.37047576904297,58.39984130859375,31.917335510253906,0.5719916820526123
7,4,161.06881713867188,283.496826171875,78.73426818847656,82.68112182617188,0.34802448749542236
8,1,297.752197265625,119.90632629394531,59.56561279296875,32.75892639160156,0.68201744556427
8,4,162.76402282714844,285.6627197265625,81.02688598632812,85.03741455078125,0.40280681848526
9,1,296.3486633300781,119.83065795898438,57.65386962890625,31.882232666015625,0.5699931383132935
9,4,166.02598571777344,288.6534118652344,82.06915283203125,85.9942626953125,0.38436657190322876
9,3,497.88885498046875,164.91134643554688,119.2572021484375,47.07386779785156,0.5691502690315247
10,1,293.4209899902344,118.99510192871094,57.4700927734375,32.028167724609375,0.5397921204566956
10,4,168.98365783691406,291.5949401855469,83.93453979492188,88.04534912109375,0.3976731598377228
10,3,491.2130126953125,162.00477600097656,120.658935546875,48.16831970214844,0.542719841003418
11,1,289.1086120605469,118.54447937011719,57.421722412109375,31.982757568359375,0.6242297887802124
11,4,173.42808532714844,294.1763916015625,84.66886901855469,88.9852294921875,0.41362032294273376
11,3,483.9857177734375,160.3601531982422,119.8358154296875,48.308441162109375,0.7302421927452087
12,1,287.5389099121094,118.42342376708984,54.204833984375,30.12657928466797,0.5707641243934631
12,4,175.63027954101562,297.030029296875,86.78375244140625,91.47512817382812,0.4064795672893524
12,3,476.4502258300781,158.93722534179688,119.18527221679688,48.56761169433594,0.7339760065078735
13,1,284.1747131347656,117.92781066894531,54.900299072265625,30.714324951171875,0.507770836353302
13,4,180.018798828125,300.46270751953125,86.4664306640625,91.21554565429688,0.5244900584220886
13,3,471.9965515136719,158.36944580078125,114.93484497070312,47.278076171875,0.7720510363578796
14,1,281.5730895996094,117.39318084716797,55.1602783203125,31.007972717285156,0.4777202606201172
14,4,183.5732421875,303.06591796875,87.47811889648438,92.29281616210938,0.5634129047393799
14,3,466.8624267578125,157.9739990234375,113.89093017578125,47.38896179199219,0.6538389325141907
15,1,278.28240966796875,116.9397964477539,54.853118896484375,30.943992614746094,0.5088748931884766
15,4,186.92250061035156,305.36065673828125,89.57408142089844,94.57199096679688,0.4685906767845154
15,3,460.6976013183594,157.46945190429688,113.06320190429688,47.344268798828125,0.675347626209259
16,1,277.6275634765625,116.7456283569336,50.51385498046875,28.303138732910156,0.5223356485366821
16,4,189.89808654785156,308.6310119628906,90.48283386230469,95.5550537109375,0.5611727833747864
16,3,454.72564697265625,155.75814819335938,106.3304443359375,45.02830505371094,0.5892264246940613
16,13,187.97727966308594,306.7932434082031,90.48014831542969,97.632080078125,0.38782209157943726
17,1,278.2755432128906,116.80075073242188,47.03826904296875,26.18487548828125,0.4657626152038574
17,4,193.17005920410156,310.3509826660156,92.53892517089844,97.8028564453125,0.4364725947380066
17,3,446.7877197265625,152.72068786621094,108.3902587890625,46.28144836425781,0.6560381054878235
17,13,192.2940673828125,310.0106506347656,92.7210693359375,100.07669067382812,0.26145198941230774
18,1,277.7359313964844,116.57227325439453,44.413360595703125,24.582176208496094,0.3988904058933258
18,4,195.23524475097656,311.1346740722656,95.95207214355469,101.56866455078125,0.2622087299823761
18,3,443.0970764160156,150.2613983154297,104.05935668945312,44.5113525390625,0.7516496181488037
18,13,195.0609893798828,311.5518798828125,95.17433166503906,102.73385620117188,0.37752366065979004
19,1,272.28216552734375,116.50988006591797,45.8736572265625,25.160667419433594,0.425701767206192
19,4,199.49334716796875,314.49560546875,97.12994384765625,102.8033447265625,0.4152815639972687
19,3,437.075439453125,148.76876831054688,105.80615234375,45.810882568359375,0.7877153754234314
20,1,269.3229675292969,116.4683837890625,46.24322509765625,25.09808349609375,0.37103471159935
20,4,204.3193359375,317.79052734375,96.59841918945312,102.0958251953125,0.4733317792415619
20,3,433.2017517089844,147.46446228027344,103.61587524414062,45.31526184082031,0.7974725961685181
21,1,267.3521423339844,116.79105377197266,46.611053466796875,25.279441833496094,0.3011648952960968
21,4,207.1227264404297,320.73895263671875,99.84010314941406,105.61068725585938,0.42715516686439514
21,3,430.70269775390625,147.80758666992188,99.87811279296875,44.13679504394531,0.6634066700935364
21,19,206.75018310546875,320.5162048339844,99.0703125,105.89117431640625,0.3879735767841339
22,1,267.88543701171875,117.3826675415039,44.347320556640625,24.059120178222656,0.27014443278312683
22,4,210.3174591064453,323.8970642089844,102.47529602050781,108.53506469726562,0.37179771065711975
22,3,423.7802429199219,147.02272033691406,96.54421997070312,42.688201904296875,0.7231983542442322
22,19,209.90211486816406,324.6878662109375,102.21345520019531,109.26431274414062,0.39325734972953796
23,4,212.57420349121094,326.7819519042969,104.27970886230469,110.36322021484375,0.4465654194355011
23,3,416.8262023925781,146.1875762939453,95.13385009765625,42.06443786621094,0.7800350785255432
24,4,216.3653106689453,328.6411437988281,107.70884704589844,114.31103515625,0.38240674138069153
24,3,412.6898498535156,145.0479736328125,94.18231201171875,41.76153564453125,0.8176820278167725
25,4,221.0346221923828,332.5706481933594,109.26533508300781,116.11129760742188,0.29614153504371643
25,3,408.41864013671875,143.92108154296875,93.3408203125,41.48805236816406,0.7032390832901001
26,4,226.67774963378906,336.84942626953125,107.65339660644531,114.39373779296875,0.3272816240787506
26,3,402.62518310546875,142.61122131347656,95.861328125,43.28340148925781,0.7386595010757446
27,4,231.5626220703125,339.71844482421875,110.53228759765625,117.668701171875,0.2894050180912018
27,3,400.2586975097656,141.74574279785156,92.4288330078125,42.25518798828125,0.7764092087745667
28,3,395.9748840332031,140.62744140625,88.80996704101562,40.98406982421875,0.7048758268356323
29,3,393.12103271484375,139.08750915527344,84.88079833984375,39.44831848144531,0.6298773288726807
29,4,238.78521728515625,345.6682434082031,113.33966064453125,120.27178955078125,0.33971381187438965
30,3,384.623291015625,138.28546142578125,82.64248657226562,38.54942321777344,0.3457567095756531
30,4,240.74012756347656,349.1376953125,118.49021911621094,126.39596557617188,0.37602102756500244
31,3,376.84747314453125,136.76344299316406,84.45162963867188,39.78755187988281,0.40508419275283813
32,3,372.5596618652344,135.74818420410156,83.47247314453125,39.863494873046875,0.480962872505188
33,3,370.08831787109375,135.15069580078125,84.28271484375,40.68794250488281,0.635498583316803
33,4,254.19033813476562,360.588623046875,124.66864013671875,133.45053100585938,0.3557125926017761
34,3,367.97088623046875,135.2047119140625,82.11978149414062,40.29534912109375,0.5406565070152283
34,4,258.72357177734375,363.5129089355469,128.24530029296875,137.634765625,0.2603123188018799
35,3,366.0379638671875,135.1612548828125,76.54385375976562,37.722259521484375,0.4983041286468506
35,4,265.2084655761719,368.12164306640625,129.14273071289062,138.56201171875,0.30123111605644226
36,3,357.62884521484375,134.49928283691406,75.12518310546875,36.89445495605469,0.5377132892608643
36,4,269.501953125,372.69964599609375,131.63491821289062,141.2896728515625,0.3143799602985382
38,4,278.6606750488281,379.1268310546875,138.45333862304688,148.756103515625,0.29368945956230164
39,4,284.1426086425781,383.7779541015625,140.14401245117188,150.3211669921875,0.2614564895629883
40,4,294.9033508300781,389.7117004394531,128.813232421875,135.87203979492188,0.37345486879348755
41,4,303.42974853515625,395.0599365234375,122.33511352539062,125.70849609375,0.4346712827682495
42,4,308.625244140625,399.0010070800781,128.09368896484375,129.87368774414062,0.30661261081695557
43,4,314.068603515625,405.3235778808594,129.6292724609375,129.30856323242188,0.3067348599433899
44,4,321.8450622558594,410.089599609375,129.888916015625,126.9000244140625,0.4313099682331085
44,28,792.4780883789062,212.70045471191406,160.43841552734375,63.90959167480469,0.41497063636779785
45,4,327.9796142578125,415.20086669921875,130.17221069335938,124.2379150390625,0.4706037640571594
45,28,781.72119140625,210.80572509765625,143.739990234375,57.16156005859375,0.5894295573234558
46,4,336.6446838378906,420.3906555175781,128.9442138671875,119.60934448242188,0.42328524589538574
46,28,771.802734375,211.28018188476562,131.46820068359375,52.17083740234375,0.6644341945648193
47,4,345.2781677246094,424.06707763671875,129.44161987304688,115.93292236328125,0.4667964279651642
47,28,757.8984375,210.06317138671875,120.42376708984375,47.54681396484375,0.4116733968257904
48,4,352.3865051269531,429.5111389160156,127.6541748046875,110.48886108398438,0.40748006105422974
48,31,320.15496826171875,124.17985534667969,60.398468017578125,34.239471435546875,0.41859179735183716
51,31,308.6793518066406,122.90347290039062,53.1495361328125,29.954421997070312,0.332704097032547
52,4,384.358642578125,450.8012390136719,110.54995727539062,89.19876098632812,0.3247053027153015
53,4,391.0484313964844,456.18939208984375,109.34176635742188,83.81060791015625,0.4099029302597046
54,4,397.5444641113281,460.696533203125,109.59902954101562,79.303466796875,0.43409112095832825
57,44,284.2919006347656,119.66143035888672,58.7169189453125,33.74102020263672,0.36922645568847656
58,44,282.53326416015625,118.39155578613281,59.043670654296875,33.97486877441406,0.3390892446041107
59,44,280.03106689453125,118.13123321533203,58.6719970703125,33.84410858154297,0.482189804315567
59,46,902.10986328125,225.49595642089844,54.960205078125,50.94740295410156,0.7264609932899475
60,44,278.32830810546875,117.07118225097656,58.4700927734375,33.86997985839844,0.40052953362464905
60,46,892.4014282226562,215.63656616210938,60.49853515625,55.872100830078125,0.7697598934173584
61,44,275.5778503417969,116.40560913085938,57.505859375,33.37528991699219,0.3558085560798645
61,46,884.0487670898438,211.54815673828125,64.203125,58.68206787109375,0.8095787167549133
62,46,874.096435546875,209.2174530029297,71.3209228515625,64.25349426269531,0.6289072036743164
63,46,866.6892700195312,207.56883239746094,78.228515625,69.33940124511719,0.7894740700721741
64,46,862.5723876953125,205.71881103515625,81.70672607421875,71.01919555664062,0.8444656133651733
65,46,850.99072265625,202.71493530273438,86.13818359375,72.043212890625,0.8729712963104248
66,46,842.3424072265625,200.6378936767578,88.579345703125,70.37229919433594,0.860302209854126
67,46,832.696533203125,198.04339599609375,92.18377685546875,69.29257202148438,0.8543417453765869
68,46,820.3987426757812,196.58607482910156,92.62591552734375,66.12446594238281,0.8213321566581726
69,46,805.4523315429688,194.02952575683594,96.8260498046875,66.09019470214844,0.8632465600967407
70,46,793.9716796875,191.548583984375,97.3006591796875,63.45916748046875,0.8887012004852295
70,52,535.1679077148438,154.45767211914062,40.936279296875,31.150299072265625,0.5408523678779602
71,46,781.0435791015625,188.2588653564453,99.111083984375,62.0380859375,0.9028740525245667
72,46,767.5828857421875,186.13026428222656,102.73150634765625,62.02482604980469,0.9097554087638855
73,46,754.0491333007812,184.68307495117188,106.1253662109375,62.190093994140625,0.8750295042991638
73,56,474.39849853515625,147.28750610351562,74.0157470703125,29.901229858398438,0.4818328619003296
74,46,737.2487182617188,182.64271545410156,108.47900390625,63.126312255859375,0.8682082295417786
74,56,462.9297180175781,144.91737365722656,76.92721557617188,31.044342041015625,0.7416388988494873
75,46,727.90283203125,180.3969268798828,108.48333740234375,61.88264465332031,0.8699266910552979
75,56,458.8636169433594,144.19981384277344,72.40225219726562,29.156524658203125,0.5221858024597168
76,46,722.7680053710938,179.21624755859375,104.241943359375,57.46385192871094,0.8541809916496277
76,56,450.7100524902344,143.02938842773438,70.51968383789062,28.29071044921875,0.4624483585357666
77,46,711.7603759765625,176.7278594970703,105.28057861328125,56.72639465332031,0.8876338005065918
77,56,440.0320739746094,141.46255493164062,78.14852905273438,31.474533081054688,0.45711424946784973
78,46,700.5645141601562,174.5797882080078,107.23907470703125,56.75538635253906,0.890753448009491
78,56,435.9549560546875,140.2196807861328,72.44497680664062,29.047378540039062,0.382149338722229
79,46,689.26123046875,173.52413940429688,107.854248046875,56.16093444824219,0.8943514823913574
80,46,679.068603515625,171.9053955078125,108.23626708984375,55.67198181152344,0.8743425011634827
80,56,424.0645446777344,138.009033203125,67.53240966796875,26.997344970703125,0.29224562644958496
81,46,671.2330322265625,170.5508575439453,105.43328857421875,53.40824890136719,0.8750574588775635
82,46,664.289306640625,169.6373748779297,101.0938720703125,50.19697570800781,0.877106785774231
82,56,414.75225830078125,135.2127685546875,61.54730224609375,24.353057861328125,0.27233871817588806
83,46,655.5818481445312,169.3101348876953,99.8177490234375,48.566253662109375,0.8171340823173523
84,46,644.0420532226562,167.44436645507812,102.72955322265625,49.39617919921875,0.8163078427314758
85,46,634.009521484375,165.44937133789062,105.26361083984375,50.353546142578125,0.7952708005905151
86,46,625.0311279296875,162.75482177734375,105.17144775390625,49.921875,0.7651549577713013
87,46,617.9697265625,161.26768493652344,103.12005615234375,48.4720458984375,0.7801564931869507
88,46,610.4824829101562,159.84152221679688,103.03204345703125,48.143585205078125,0.857726514339447
89,46,603.2955322265625,158.1029510498047,100.69891357421875,46.76715087890625,0.8416031002998352
90,46,595.8244018554688,157.26998901367188,99.36395263671875,45.86003112792969,0.8005474209785461
91,46,586.8896484375,155.1429901123047,100.31585693359375,46.2156982421875,0.859002411365509
92,46,579.0843505859375,154.2761688232422,101.3892822265625,46.70112609863281,0.878877580165863
93,46,572.1444702148438,153.7608184814453,98.23779296875,45.070831298828125,0.8397552967071533
94,46,563.59228515625,152.82164001464844,98.44512939453125,44.96449279785156,0.8192893862724304
95,46,555.4685668945312,151.68101501464844,98.51776123046875,45.07511901855469,0.8688564300537109
96,46,549.0084228515625,150.38424682617188,97.21710205078125,44.419586181640625,0.8466086387634277
97,46,541.41650390625,149.59274291992188,95.11395263671875,43.36988830566406,0.8399110436439514
98,46,535.1954956054688,148.6248779296875,93.41729736328125,42.58265686035156,0.859050452709198
99,46,527.8723754882812,147.51564025878906,94.54437255859375,43.19891357421875,0.8167544603347778
100,46,520.3223266601562,146.79554748535156,93.84222412109375,43.02197265625,0.8341609835624695
101,46,513.4524536132812,145.4470977783203,94.21044921875,43.3707275390625,0.8203322887420654
102,46,508.31683349609375,144.3513946533203,91.15728759765625,41.94902038574219,0.8483044505119324
103,46,501.673828125,143.07989501953125,90.956787109375,41.99153137207031,0.8782997131347656
104,46,495.7301025390625,142.45968627929688,89.0616455078125,41.23974609375,0.8806502819061279
105,46,489.42730712890625,141.91795349121094,86.560302734375,39.9615478515625,0.8665504455566406
106,46,485.3059997558594,140.7377166748047,85.32070922851562,39.492095947265625,0.8450398445129395
107,46,480.0694885253906,139.50335693359375,83.63241577148438,38.67243957519531,0.8444563150405884
108,46,475.1158752441406,139.0830535888672,82.34945678710938,38.147003173828125,0.7892888784408569
109,46,469.08929443359375,138.40382385253906,82.472412109375,38.2750244140625,0.7592300772666931
110,46,464.7388000488281,138.06951904296875,81.36886596679688,37.791839599609375,0.841280996799469
111,46,461.0003967285156,137.90072631835938,76.91879272460938,35.65321350097656,0.758672297000885
112,46,456.9870910644531,138.13742065429688,75.28866577148438,34.7392578125,0.8469502925872803
113,46,453.0169677734375,138.1339569091797,73.29681396484375,33.59645080566406,0.80074542760849
114,46,448.69354248046875,138.5343475341797,70.788330078125,32.03547668457031,0.6147289872169495
115,46,442.9978942871094,138.1269989013672,71.20730590820312,32.08293151855469,0.5910041928291321
121,72,820.6053466796875,207.93853759765625,135.02655029296875,66.18569946289062,0.8158356547355652
122,72,814.6012573242188,205.52920532226562,128.18927001953125,62.580902099609375,0.8261029720306396
123,72,806.688232421875,202.8081817626953,118.7056884765625,57.53340148925781,0.8212897181510925
124,72,795.2890014648438,201.4086151123047,117.1551513671875,56.25794982910156,0.8400430679321289
124,74,401.7246398925781,125.42813110351562,33.93597412109375,29.109848022460938,0.45065706968307495
125,72,784.3636474609375,201.34268188476562,115.19085693359375,54.726104736328125,0.7894569635391235
125,74,399.06280517578125,124.68425750732422,34.2647705078125,29.29296112060547,0.39733538031578064
126,72,774.9629516601562,202.38294982910156,109.094970703125,51.02099609375,0.6357437968254089
126,74,396.5342102050781,123.77162170410156,34.668914794921875,29.392135620117188,0.3864077031612396
127,72,769.6511840820312,205.55462646484375,98.41119384765625,44.846771240234375,0.5045260190963745
127,74,392.95001220703125,122.20572662353516,35.664764404296875,29.95653533935547,0.3761465549468994
127,46,385.0296630859375,122.481201171875,67.66961669921875,31.123153686523438,0.5054514408111572
128,72,756.3142700195312,203.7980194091797,103.37261962890625,46.2955322265625,0.43164873123168945
128,46,379.5284423828125,122.19568634033203,63.26171875,29.84705352783203,0.5334755778312683
129,72,735.1777954101562,201.92234802246094,107.94744873046875,48.355499267578125,0.28794923424720764
129,46,376.0765380859375,121.75653839111328,63.520965576171875,30.32488250732422,0.4824697971343994
130,72,720.3302612304688,195.82730102539062,115.8436279296875,51.984527587890625,0.2912810146808624
130,46,372.9288330078125,122.04305267333984,62.45654296875,30.00933074951172,0.546049177646637
131,72,711.6159057617188,191.2946014404297,120.98681640625,54.16798400878906,0.8146457076072693
131,46,369.4068908691406,122.57917022705078,62.021209716796875,29.82880401611328,0.5270417332649231
132,72,702.22900390625,189.33734130859375,122.914306640625,54.94584655761719,0.8552917242050171
132,46,366.2338562011719,122.3819580078125,63.04522705078125,30.412490844726562,0.5269041061401367
132,75,368.9356689453125,124.27674102783203,37.16253662109375,27.533470153808594,0.39313676953315735
133,72,694.2758178710938,188.13690185546875,120.12213134765625,53.4661865234375,0.8231324553489685
133,46,363.4844665527344,123.24209594726562,62.334503173828125,29.913116455078125,0.5364689230918884
133,75,363.9508972167969,123.14876556396484,38.339508056640625,28.41197967529297,0.42457738518714905
134,72,688.7269287109375,185.0081024169922,115.01434326171875,50.68672180175781,0.5970465540885925
134,46,360.49432373046875,122.43395233154297,60.927947998046875,29.09369659423828,0.3473009765148163
134,75,359.7362060546875,122.42988586425781,35.62158203125,26.434783935546875,0.3742283880710602
135,72,680.2329711914062,183.41741943359375,113.52044677734375,49.53422546386719,0.5392005443572998
135,46,357.76507568359375,122.60563659667969,56.274505615234375,26.591964721679688,0.27403348684310913
135,75,357.4298095703125,123.60347747802734,31.61492919921875,23.357765197753906,0.25053906440734863
136,72,672.4454956054688,183.41107177734375,110.80303955078125,47.915069580078125,0.6337084770202637
136,46,353.9219665527344,121.52908325195312,55.98931884765625,26.187545776367188,0.3548617362976074
136,75,352.6271667480469,123.12118530273438,30.472381591796875,22.495223999023438,0.41941362619400024
137,72,664.4849243164062,183.0154571533203,110.38995361328125,47.30706787109375,0.7388641834259033
137,46,346.896240234375,121.13449096679688,53.429290771484375,25.37939453125,0.47524067759513855
137,75,348.6893615722656,122.04143524169922,31.8941650390625,23.55377960205078,0.35639458894729614
138,72,656.8212890625,182.0587158203125,107.6507568359375,45.74913024902344,0.713241457939148
138,46,345.76007080078125,119.88253021240234,57.315338134765625,27.130165100097656,0.540371298789978
138,75,345.6734924316406,120.9586181640625,32.78173828125,24.244522094726562,0.3542279899120331
139,72,648.0662231445312,179.4236297607422,109.21282958984375,46.20399475097656,0.5679585933685303
139,46,341.8819580078125,118.42447662353516,60.348236083984375,28.65099334716797,0.5667436718940735
139,75,343.1268310546875,119.36910247802734,33.98870849609375,25.040260314941406,0.35480937361717224
140,72,638.3432006835938,176.2147674560547,110.3870849609375,46.52874755859375,0.7532969117164612
140,46,339.9343566894531,118.51911926269531,58.035003662109375,27.487030029296875,0.41865864396095276
140,75,339.42144775390625,119.19092559814453,32.405181884765625,23.985694885253906,0.3002612590789795
141,72,632.6931762695312,174.48670959472656,106.8531494140625,44.71220397949219,0.7503546476364136
141,46,338.5466003417969,117.83121490478516,56.660491943359375,26.735755920410156,0.3653334975242615
141,75,339.4091796875,118.72166442871094,32.437652587890625,23.741683959960938,0.3005707263946533
142,72,627.3016967773438,173.95175170898438,104.976318359375,43.60386657714844,0.4660763442516327
143,72,619.9885864257812,172.70504760742188,104.55010986328125,43.10734558105469,0.7494503855705261
144,72,612.5897216796875,171.04510498046875,104.1287841796875,42.74537658691406,0.7936849594116211
145,72,605.5423583984375,168.55865478515625,103.38787841796875,42.36170959472656,0.6801045536994934
146,72,599.0624389648438,165.65948486328125,102.6785888671875,41.95172119140625,0.7810204029083252
147,72,592.0894165039062,164.21363830566406,101.8717041015625,41.49906921386719,0.7525880336761475
148,72,587.8597412109375,165.01663208007812,96.48895263671875,38.8935546875,0.6166608929634094
149,72,579.5714111328125,162.2751007080078,101.43780517578125,41.04512023925781,0.6841243505477905
150,72,573.0806274414062,160.5106658935547,101.69134521484375,41.2769775390625,0.6206761598587036
151,72,565.6293334960938,160.1861114501953,102.5145263671875,41.711822509765625,0.5896120667457581
152,72,560.41064453125,159.6302032470703,100.068359375,40.80339050292969,0.7416195869445801
153,72,556.7579345703125,158.1942138671875,96.79296875,39.42765808105469,0.8251868486404419
154,72,551.3135375976562,156.40301513671875,95.25592041015625,38.83174133300781,0.7400203943252563
155,72,547.8389892578125,155.75428771972656,92.36749267578125,37.58929443359375,0.688014566898346
156,72,540.1087036132812,154.76803588867188,94.5924072265625,38.58714294433594,0.684716522693634
157,72,534.2236328125,154.0670928955078,94.298828125,38.55891418457031,0.7881746888160706
158,72,529.072998046875,153.89859008789062,92.400390625,37.80308532714844,0.8306156396865845
159,72,523.3403930664062,153.77064514160156,90.13446044921875,36.741546630859375,0.7197130918502808
160,72,517.7493896484375,152.7025146484375,91.62939453125,37.486053466796875,0.8673829436302185
161,72,511.3843078613281,151.18975830078125,91.22103881835938,37.36836242675781,0.7578516006469727
162,72,505.7611389160156,149.00222778320312,91.11868286132812,37.58482360839844,0.7408729195594788
163,72,500.23388671875,146.9575958251953,88.51409912109375,36.6439208984375,0.7375196218490601
164,72,494.62103271484375,146.30819702148438,85.79754638671875,35.38323974609375,0.6826598644256592
165,72,488.9340515136719,145.2870330810547,85.45516967773438,35.395660400390625,0.7964576482772827
166,72,484.2038879394531,144.9310302734375,83.53207397460938,34.791351318359375,0.7477642297744751
167,72,477.0488586425781,143.7059326171875,83.78073120117188,34.970489501953125,0.7084773778915405
168,72,471.2372131347656,143.01541137695312,84.03060913085938,35.28666687011719,0.7987366914749146
169,72,466.83831787109375,142.47105407714844,82.49951171875,34.77632141113281,0.7188796997070312
170,72,464.7392883300781,142.84437561035156,77.10830688476562,32.28630065917969,0.7070522308349609
171,72,460.65386962890625,141.67274475097656,75.38494873046875,31.517181396484375,0.7814317941665649
172,72,455.99566650390625,141.42596435546875,74.07098388671875,30.806900024414062,0.7213291525840759
173,72,451.1178283691406,140.4896697998047,74.23037719726562,30.828399658203125,0.7337942123413086
174,72,445.54779052734375,139.44647216796875,74.9498291015625,31.073989868164062,0.6475932598114014
175,72,441.2646484375,138.82565307617188,75.5264892578125,31.45184326171875,0.6651875972747803
176,72,438.1875915527344,138.99093627929688,71.92910766601562,29.785995483398438,0.34682318568229675
177,72,436.37384033203125,139.4034423828125,67.23666381835938,27.579498291015625,0.3561227321624756
179,72,427.5567626953125,139.35633850097656,64.97647094726562,26.462814331054688,0.2842264473438263
180,72,423.2229919433594,139.08370971679688,64.34088134765625,26.104721069335938,0.3176426291465759
181,72,418.6022033691406,138.44252014160156,65.617919921875,26.685455322265625,0.34695670008659363
182,72,418.7774353027344,140.4439697265625,60.3402099609375,24.456893920898438,0.2772365212440491
183,72,411.1300354003906,137.99273681640625,63.53265380859375,25.749969482421875,0.29635924100875854
185,72,409.1568603515625,138.59376525878906,59.383575439453125,24.151199340820312,0.3438687026500702
187,72,413.4660949707031,139.0086669921875,52.284942626953125,22.097579956054688,0.5735065340995789
193,88,403.58160400390625,131.57395935058594,32.20648193359375,22.144973754882812,0.4715590476989746
193,89,374.86212158203125,125.59518432617188,62.748992919921875,27.183868408203125,0.5087652802467346
193,90,395.3273620605469,127.49836730957031,41.1429443359375,26.022979736328125,0.420522004365921
194,88,399.7357177734375,130.84866333007812,31.936309814453125,21.9410400390625,0.3011789619922638
194,89,371.8066101074219,124.74431610107422,63.17218017578125,27.403480529785156,0.5509134531021118
195,88,397.7208557128906,132.3838348388672,28.9937744140625,19.818206787109375,0.281059205532074
195,89,369.4963073730469,124.35435485839844,62.54119873046875,27.177139282226562,0.4956272840499878
195,90,392.4468078613281,127.53721618652344,38.894775390625,24.617874145507812,0.4038795530796051
196,88,393.3529357910156,130.87294006347656,30.001495361328125,20.39453125,0.434976190328598
196,89,367.38568115234375,123.69871520996094,60.326080322265625,26.24017333984375,0.2837197482585907
196,90,386.5097351074219,124.75313568115234,40.275787353515625,25.50312042236328,0.31534337997436523
197,88,390.75750732421875,131.56341552734375,28.918853759765625,19.535140991210938,0.31879720091819763
199,89,357.48870849609375,120.89740753173828,55.328887939453125,23.97960662841797,0.49563297629356384
199,90,378.3356018066406,122.68085479736328,35.5001220703125,22.479759216308594,0.4345396161079407
200,89,353.24542236328125,121.0559310913086,54.93115234375,23.749778747558594,0.3959873914718628
200,90,375.577880859375,123.7391586303711,33.88934326171875,21.448020935058594,0.3375399708747864
201,89,350.7861328125,121.6050033569336,52.009185791015625,22.37926483154297,0.5602785348892212
201,90,368.7809753417969,123.39678955078125,35.521026611328125,22.2576904296875,0.43756505846977234
202,89,347.9631652832031,120.91680145263672,52.190826416015625,22.47954559326172,0.4158601462841034
202,90,367.2291259765625,122.68983459472656,35.179290771484375,22.279373168945312,0.29216358065605164
203,89,345.1488952636719,120.22354125976562,52.26171875,22.522323608398438,0.5883609652519226
203,90,365.7570495605469,122.68741607666016,33.89166259765625,21.53473663330078,0.28011688590049744
204,89,341.7328796386719,120.29718780517578,50.9432373046875,22.08147430419922,0.4200621247291565
204,90,363.3734130859375,122.83936309814453,32.576080322265625,20.66368865966797,0.3453792929649353
205,89,339.0849609375,119.45646667480469,51.56585693359375,22.327713012695312,0.4357570707798004
205,90,362.23779296875,123.47806549072266,30.739593505859375,19.407814025878906,0.3088875114917755
206,89,337.115966796875,118.757568359375,52.265106201171875,22.719696044921875,0.4233514070510864
207,89,335.0138854980469,118.86739349365234,48.63519287109375,21.17693328857422,0.36902323365211487
207,90,357.6847839355469,122.87051391601562,31.0787353515625,19.623077392578125,0.37605616450309753
209,89,330.7005310058594,118.04475402832031,50.98419189453125,22.161941528320312,0.27354785799980164
269,101,834.5933227539062,216.2373046875,111.97918701171875,61.11126708984375,0.7795999050140381
270,101,822.1172485351562,211.6719207763672,115.26043701171875,62.44462585449219,0.8567967414855957
271,101,813.0158081054688,209.2950439453125,115.02716064453125,61.52618408203125,0.831057071685791
272,101,798.3474731445312,206.6988525390625,114.154296875,60.215545654296875,0.8139535784721375
273,101,784.5552978515625,204.49925231933594,111.9349365234375,58.20332336425781,0.8389794230461121
274,101,773.5592651367188,202.90476989746094,105.06011962890625,53.50181579589844,0.7932994961738586
275,101,758.3385009765625,198.57492065429688,107.60107421875,53.874420166015625,0.5709524154663086
276,101,736.32861328125,195.9923095703125,108.96417236328125,54.334716796875,0.6814711689949036
277,101,725.396240234375,192.9306182861328,109.80291748046875,54.29551696777344,0.8659543395042419
278,101,717.433837890625,189.1143341064453,111.3585205078125,54.35111999511719,0.7445831298828125
279,101,706.8822631835938,186.07400512695312,112.4110107421875,54.19132995605469,0.8476366996765137
280,101,695.7216186523438,183.8644561767578,111.51715087890625,53.135589599609375,0.879557192325592
281,101,685.7238159179688,182.05711364746094,109.0975341796875,51.339630126953125,0.8714584708213806
282,101,675.07373046875,180.2665557861328,106.33544921875,49.359588623046875,0.8505368828773499
283,101,664.3779296875,177.87228393554688,104.9974365234375,48.111785888671875,0.8250204920768738
284,101,653.5298461914062,174.14056396484375,106.10491943359375,48.14453125,0.8434995412826538
285,101,643.9714965820312,172.05126953125,103.8016357421875,46.60246276855469,0.8796513080596924
286,101,635.5386962890625,170.3902587890625,101.75189208984375,45.22407531738281,0.8066322803497314
287,101,624.8583374023438,168.4593048095703,100.94964599609375,44.4334716796875,0.8276481628417969
288,101,615.44091796875,166.55569458007812,99.95361328125,43.656494140625,0.8219691514968872
289,101,605.7733764648438,163.53140258789062,101.5767822265625,44.271514892578125,0.791903018951416
290,101,596.149658203125,161.8531951904297,100.587890625,43.66912841796875,0.7388550043106079
291,101,587.2745971679688,160.27850341796875,99.9786376953125,43.304962158203125,0.7474098205566406
292,101,579.411865234375,159.0216064453125,98.72412109375,42.66416931152344,0.593650221824646
293,101,570.9960327148438,157.50592041015625,97.8951416015625,42.25848388671875,0.8109211325645447
294,101,563.0941162109375,156.2876434326172,94.1998291015625,40.44976806640625,0.8440853357315063
295,101,554.0567016601562,154.57667541503906,95.41058349609375,40.97578430175781,0.8043206930160522
296,101,547.3187255859375,152.6966552734375,92.62664794921875,39.67779541015625,0.8246710896492004
297,101,540.8055419921875,151.86607360839844,89.6575927734375,38.200439453125,0.8048355579376221
298,101,532.8414916992188,151.36590576171875,89.5611572265625,38.11763000488281,0.8133195042610168
299,101,524.864013671875,150.49366760253906,89.52545166015625,38.16218566894531,0.7231854200363159
300,101,516.76611328125,148.16058349609375,91.0885009765625,39.057220458984375,0.7515214085578918
301,101,510.0469665527344,146.9791259765625,89.09359741210938,38.25843811035156,0.892379879951477
302,101,504.2967834472656,145.75596618652344,87.86264038085938,37.79063415527344,0.8951855897903442
303,101,498.97998046875,144.90431213378906,84.2520751953125,36.18940734863281,0.8678050637245178
304,101,492.7739562988281,143.96023559570312,82.02218627929688,35.15376281738281,0.8471291065216064
305,101,486.92413330078125,143.41712951660156,80.41363525390625,34.41371154785156,0.8259091377258301
306,101,480.2034606933594,142.23583984375,81.36099243164062,34.90235900878906,0.8134183883666992
307,101,474.52264404296875,141.15380859375,79.79583740234375,34.26966857910156,0.832238495349884
308,101,468.729248046875,139.91429138183594,79.53424072265625,34.09226989746094,0.8045768737792969
309,101,462.28814697265625,139.36465454101562,77.7607421875,33.35597229003906,0.7975183129310608
310,101,457.3038635253906,139.02166748046875,75.14071655273438,32.112762451171875,0.8417231440544128
311,101,452.2008056640625,138.88677978515625,74.2174072265625,31.672103881835938,0.8522077202796936
312,101,447.4766845703125,138.85244750976562,72.1795654296875,30.569854736328125,0.7758062481880188
313,101,442.8581237792969,138.5548858642578,70.78909301757812,29.794876098632812,0.7419903874397278
314,101,437.85009765625,138.67213439941406,68.71939086914062,28.730194091796875,0.47666338086128235
315,101,434.243408203125,138.57785034179688,66.8427734375,27.720718383789062,0.5581435561180115
316,101,429.0994567871094,138.2368621826172,66.664794921875,27.392318725585938,0.3700214922428131
317,101,425.3282165527344,138.4696807861328,63.654937744140625,25.8056640625,0.3051547110080719
318,101,421.4106750488281,137.9002685546875,61.55926513671875,24.618820190429688,0.3553664982318878
319,101,416.35064697265625,137.66287231445312,60.225341796875,23.759536743164062,0.454865425825119
320,101,411.4493408203125,136.97097778320312,60.867340087890625,23.770217895507812,0.43966159224510193
328,101,367.2298583984375,121.60993957519531,72.71160888671875,29.274368286132812,0.6108818054199219
329,101,365.16815185546875,120.42273712158203,70.7528076171875,29.027198791503906,0.568361759185791
330,101,362.2037658691406,120.10993957519531,67.5478515625,28.110366821289062,0.40945136547088623
331,101,358.4280700683594,119.86946868896484,66.0572509765625,27.85236358642578,0.2885880768299103
332,101,356.1434020996094,120.08808135986328,61.800018310546875,26.160804748535156,0.2708401679992676
333,101,354.3605651855469,119.65740966796875,62.08050537109375,26.698944091796875,0.297073096036911
334,101,350.0,118.91107177734375,60.762054443359375,26.349288940429688,0.4434121251106262
335,101,348.24017333984375,118.74861907958984,57.4010009765625,24.878929138183594,0.4314658045768738
336,101,345.17388916015625,117.85073852539062,57.261199951171875,24.98681640625,0.5492371320724487
337,101,342.0781555175781,117.51461791992188,56.611602783203125,24.907470703125,0.5390692353248596
338,101,338.62310791015625,116.76628875732422,56.710479736328125,25.15196990966797,0.4888121485710144
339,101,337.0527038574219,117.0452651977539,54.689361572265625,24.26740264892578,0.35419636964797974
499,117,891.380859375,309.46429443359375,68.619140625,75.35418701171875,0.5058097839355469
505,118,179.7504425048828,158.60183715820312,39.45536804199219,24.15252685546875,0.33792799711227417
506,118,182.23602294921875,159.68675231933594,39.4405517578125,24.10748291015625,0.3696536719799042
507,118,179.18145751953125,157.24984741210938,46.555511474609375,28.505264282226562,0.4203421175479889
509,118,178.7704315185547,155.47018432617188,53.81523132324219,33.04646301269531,0.37773948907852173
510,118,178.8791046142578,155.160888671875,56.70555114746094,34.86634826660156,0.2996222674846649
512,118,178.96273803710938,154.75108337402344,60.88658142089844,37.44685363769531,0.43843764066696167
513,118,179.03292846679688,154.5359649658203,62.89491271972656,38.729217529296875,0.6087971329689026
514,118,179.54696655273438,154.00222778320312,67.78378295898438,41.896148681640625,0.7659725546836853
515,118,182.34262084960938,154.59706115722656,69.12838745117188,42.75492858886719,0.44884687662124634
516,118,183.6434783935547,154.70037841796875,71.67893981933594,44.624237060546875,0.4614393413066864
517,118,185.61270141601562,154.9613494873047,73.53366088867188,45.9591064453125,0.38789865374565125
518,118,188.1973114013672,155.7048797607422,74.75218200683594,46.994537353515625,0.4396026134490967
519,118,191.05108642578125,156.4245147705078,74.48114013671875,46.91021728515625,0.621146023273468
520,118,193.70130920410156,156.5999298095703,75.64976501464844,47.847015380859375,0.4632045328617096
521,118,196.1118621826172,157.7140350341797,76.43730163574219,48.41839599609375,0.5839818120002747
522,118,199.41928100585938,159.0592803955078,77.10540771484375,49.034576416015625,0.6999410390853882
523,118,202.88092041015625,160.1691436767578,77.52468872070312,49.36772155761719,0.6710997819900513
524,118,205.6754150390625,160.25404357910156,78.73519897460938,50.322601318359375,0.6842539310455322
525,118,207.19766235351562,161.01585388183594,81.56607055664062,52.41864013671875,0.5560899972915649
526,118,210.4075927734375,162.28292846679688,81.93356323242188,52.73173522949219,0.7004111409187317
527,118,213.74874877929688,163.86058044433594,82.10723876953125,52.95159912109375,0.7283986210823059
528,118,216.03948974609375,165.0932159423828,83.354736328125,54.01470947265625,0.6745893955230713
529,118,219.87643432617188,167.08920288085938,84.21051025390625,54.612823486328125,0.6105929613113403
530,118,223.5519256591797,168.78091430664062,84.92909240722656,55.069305419921875,0.6852937340736389
531,118,226.59054565429688,170.07618713378906,85.45361328125,55.44657897949219,0.6735426187515259
532,118,231.06507873535156,172.91375732421875,84.24546813964844,54.227996826171875,0.6702726483345032
533,118,233.7246856689453,174.61416625976562,86.47846984863281,55.5302734375,0.5911425352096558
534,118,237.19125366210938,175.39964294433594,89.40310668945312,57.33720397949219,0.5098015666007996
535,118,241.40431213378906,177.24713134765625,90.07902526855469,57.617095947265625,0.7341377139091492
536,118,244.91160583496094,177.8642120361328,92.84925842285156,59.53515625,0.6698504686355591
537,118,249.1050567626953,178.96914672851562,94.15968322753906,60.33760070800781,0.5807514786720276
538,118,253.57077026367188,179.88861083984375,94.75518798828125,60.77461242675781,0.6537676453590393
539,118,257.8917236328125,182.04139709472656,96.29031372070312,61.57341003417969,0.5853127241134644
540,118,261.5865478515625,183.59490966796875,97.66250610351562,62.61048889160156,0.7368173003196716
541,118,265.7602844238281,185.06454467773438,99.43557739257812,63.7523193359375,0.699856162071228
542,118,271.2843322753906,187.671142578125,98.89019775390625,63.26567077636719,0.7745348811149597
543,118,277.0003356933594,189.61622619628906,99.35482788085938,63.30909729003906,0.6753953099250793
544,118,281.79931640625,191.51637268066406,101.16546630859375,64.3697509765625,0.6483724117279053
545,118,286.79986572265625,193.14358520507812,102.8648681640625,65.2164306640625,0.6973795294761658
546,118,291.3642578125,194.01852416992188,105.47994995117188,66.94357299804688,0.4036458432674408
547,118,296.4967956542969,195.15077209472656,107.66900634765625,68.27485656738281,0.3446333706378937
548,118,300.9043884277344,197.76788330078125,110.02667236328125,69.55392456054688,0.7689803242683411
549,118,305.55853271484375,200.02052307128906,112.2335205078125,70.58283996582031,0.8380730152130127
550,118,311.4645080566406,202.21566772460938,114.4537353515625,71.6396484375,0.8435741662979126
551,118,318.04217529296875,203.939208984375,116.944091796875,73.14010620117188,0.7052351832389832
552,118,324.8690490722656,206.7738800048828,117.48379516601562,73.24171447753906,0.6729616522789001
553,118,330.840576171875,208.94650268554688,120.71981811523438,75.19448852539062,0.587171196937561
554,118,337.95831298828125,211.49720764160156,121.70205688476562,75.56864929199219,0.39667099714279175
555,118,347.2859191894531,217.94149780273438,118.41888427734375,72.8309326171875,0.3649643063545227
556,118,352.55615234375,220.04600524902344,121.86334228515625,74.27421569824219,0.676700234413147
557,118,358.5313415527344,220.58578491210938,127.89181518554688,77.87020874023438,0.7316300868988037
558,118,365.1545715332031,221.84133911132812,131.74221801757812,80.07833862304688,0.7158472537994385
559,118,372.22015380859375,224.091552734375,133.76889038085938,81.04025268554688,0.8128091096878052
560,118,378.51806640625,226.15078735351562,137.98822021484375,83.52911376953125,0.7029695510864258
561,118,385.6246643066406,228.27061462402344,141.12667846679688,85.32102966308594,0.6137528419494629
562,118,394.403564453125,231.8706512451172,142.93505859375,86.23417663574219,0.7436859011650085
563,118,402.689453125,234.4132537841797,146.2017822265625,87.90290832519531,0.8114543557167053
564,118,411.3203430175781,237.907470703125,148.40548706054688,88.94027709960938,0.6021330952644348
565,118,419.0845642089844,241.0880126953125,152.97805786132812,91.40792846679688,0.7684022188186646
566,118,428.0198974609375,243.3349609375,155.77532958984375,92.8740234375,0.6760595440864563
567,118,437.27935791015625,246.01797485351562,158.794189453125,94.35528564453125,0.5975092649459839
568,118,446.5443420410156,248.05636596679688,163.62698364257812,97.08447265625,0.8663972616195679
569,118,455.3365783691406,250.570068359375,169.08010864257812,100.38442993164062,0.7951773405075073
570,118,466.06866455078125,254.1942901611328,171.2469482421875,101.49034118652344,0.791222095489502
571,118,478.6600341796875,258.8288269042969,174.234619140625,102.66595458984375,0.8220289945602417
572,118,487.4895324707031,263.06170654296875,175.99942016601562,103.60665893554688,0.7757492065429688
573,118,497.5307312011719,267.270263671875,180.76742553710938,106.3707275390625,0.8158277869224548
574,118,510.4514465332031,270.90594482421875,183.25460815429688,107.31539916992188,0.5819971561431885
575,118,522.7800903320312,274.65020751953125,187.365478515625,109.30599975585938,0.4288425147533417
576,118,533.4998779296875,278.4344177246094,196.09320068359375,114.41452026367188,0.6609464287757874
577,118,546.8478393554688,283.99798583984375,198.35076904296875,115.40280151367188,0.7396531105041504
578,118,558.8818969726562,288.85101318359375,203.75341796875,118.39764404296875,0.7301386594772339
579,118,570.3242797851562,293.77703857421875,208.4124755859375,121.24166870117188,0.7071341276168823
580,118,577.9380493164062,296.1007385253906,219.0194091796875,128.61288452148438,0.34717756509780884
581,118,587.8736572265625,296.0897521972656,229.3541259765625,136.27920532226562,0.4897582232952118
582,118,607.2384033203125,296.8479919433594,242.0322265625,145.05712890625,0.32395118474960327
583,118,618.4954833984375,297.8872375488281,254.17950439453125,153.52236938476562,0.3312968611717224
584,118,629.3843994140625,300.11590576171875,264.8648681640625,160.48785400390625,0.5800170302391052
584,131,635.0517578125,296.1541748046875,249.58966064453125,164.699951171875,0.389718234539032
585,118,647.7825927734375,307.5719299316406,267.3822021484375,162.1693115234375,0.35814520716667175
585,131,675.7177734375,320.1221618652344,224.61981201171875,147.64913940429688,0.30463021993637085
586,118,674.6128540039062,323.1810302734375,259.2867431640625,156.6256103515625,0.395026832818985
586,131,697.2084350585938,331.8277587890625,227.2490234375,148.75033569335938,0.5480402708053589
587,118,694.3896484375,333.8476867675781,260.492431640625,157.14666748046875,0.7788777351379395
588,118,703.0097045898438,337.710693359375,256.99029541015625,164.75018310546875,0.7971215844154358
589,118,712.0504760742188,339.0235290527344,247.94952392578125,171.68798828125,0.804709255695343
590,118,723.8680419921875,336.4136657714844,236.1319580078125,173.82958984375,0.6401944160461426
591,118,737.8505249023438,336.45416259765625,222.14947509765625,173.525390625,0.4419246315956116
593,118,789.3907470703125,368.1077575683594,170.6092529296875,141.18524169921875,0.6984688639640808
594,118,815.8175659179688,384.3100280761719,144.18243408203125,120.35394287109375,0.7345801591873169
595,118,836.4532470703125,396.5889892578125,123.5467529296875,109.51052856445312,0.7871251702308655
596,118,853.1641845703125,406.4370422363281,106.8358154296875,108.18185424804688,0.8132140636444092
658,137,838.2516479492188,216.5495147705078,121.74835205078125,59.96812438964844,0.8102999925613403
659,137,821.642333984375,212.73501586914062,128.42388916015625,61.278717041015625,0.7964833974838257
660,137,803.7943725585938,208.753662109375,125.5802001953125,59.551910400390625,0.8722925186157227
660,139,64.83918762207031,115.83702850341797,30.48143768310547,19.435508728027344,0.3769599199295044
661,137,788.3688354492188,205.8988037109375,118.0057373046875,55.3941650390625,0.8289427757263184
661,139,65.65474700927734,114.98966217041016,31.24195098876953,19.908607482910156,0.5874379277229309
662,137,772.0327758789062,204.63511657714844,111.02130126953125,51.41242980957031,0.8505126237869263
662,139,65.76822662353516,115.19384002685547,32.09840393066406,20.445411682128906,0.6175953149795532
663,137,753.5044555664062,201.07972717285156,112.22723388671875,51.42655944824219,0.759749710559845
663,139,66.50196075439453,115.93062591552734,32.409400939941406,20.66167449951172,0.6209509968757629
664,137,736.3095703125,195.74021911621094,114.60272216796875,52.06159973144531,0.7897462248802185
664,139,67.37738037109375,116.49162292480469,32.317108154296875,20.596343994140625,0.5697376132011414
665,137,717.3736572265625,192.5780792236328,112.3575439453125,50.88499450683594,0.7412211298942566
665,139,67.51551055908203,116.64730072021484,33.235130310058594,21.188026428222656,0.5288461446762085
666,137,702.9158935546875,189.94810485839844,115.40472412109375,52.046051025390625,0.7330907583236694
666,139,67.76780700683594,116.75331115722656,34.020164489746094,21.679779052734375,0.4850415885448456
667,137,692.2077026367188,186.46315002441406,110.765869140625,49.41481018066406,0.7879348397254944
667,139,68.50260162353516,116.81339263916016,34.85435485839844,22.325782775878906,0.42676690220832825
668,137,677.9774780273438,183.8890380859375,108.80548095703125,48.11138916015625,0.8607807755470276
668,139,69.53263854980469,116.78204345703125,36.09088897705078,23.4088134765625,0.30912330746650696
669,137,664.8175048828125,182.1099853515625,106.96343994140625,46.8482666015625,0.8802812099456787
670,137,653.3150634765625,180.60659790039062,104.68994140625,45.356353759765625,0.8787826895713806
671,137,639.1828002929688,177.08328247070312,107.7894287109375,46.60009765625,0.8346603512763977
672,137,628.0482788085938,174.2040252685547,105.028564453125,45.18034362792969,0.8152387142181396
673,137,616.1724853515625,172.2834930419922,104.9007568359375,44.97502136230469,0.8298055529594421
674,137,604.6359252929688,170.40020751953125,103.1513671875,44.109527587890625,0.8157535195350647
675,137,595.036865234375,167.4226531982422,101.70941162109375,43.431182861328125,0.8494827151298523
676,137,585.4481811523438,164.6484375,98.32855224609375,41.82310485839844,0.8813077807426453
677,137,574.5581665039062,162.823974609375,98.17462158203125,41.6220703125,0.846859872341156
678,137,563.9490356445312,161.47023010253906,96.79315185546875,41.04603576660156,0.8363300561904907
679,137,555.3076171875,159.14703369140625,95.18463134765625,40.38127136230469,0.8585230112075806
680,137,546.5841674804688,157.3520965576172,93.438720703125,39.5496826171875,0.9252339005470276
681,137,537.0120239257812,155.30767822265625,92.9154052734375,39.386566162109375,0.9136950969696045
682,137,527.7916870117188,153.0758056640625,91.95379638671875,39.06144714355469,0.8201621770858765
683,137,519.8568115234375,150.98843383789062,90.81732177734375,38.76914978027344,0.8253259658813477
683,140,135.97174072265625,310.86468505859375,43.305908203125,63.441070556640625,0.4129071831703186
684,137,511.9176940917969,149.1770477294922,89.93429565429688,38.57441711425781,0.8377588391304016
684,140,139.2574005126953,313.6436767578125,43.17610168457031,63.342315673828125,0.2924322783946991
685,137,503.52093505859375,147.0849609375,88.43060302734375,38.125213623046875,0.8950442671775818
686,137,496.65557861328125,145.48854064941406,86.63592529296875,37.4349365234375,0.8964298963546753
686,140,142.21002197265625,312.3691101074219,46.916351318359375,68.818359375,0.3447352945804596
687,137,490.7852783203125,144.12779235839844,83.7872314453125,36.166900634765625,0.8565019965171814
687,140,147.03955078125,319.6287536621094,43.81950378417969,64.09674072265625,0.39298635721206665
688,137,483.3072204589844,143.89259338378906,82.34371948242188,35.66914367675781,0.8647329807281494
688,140,149.90097045898438,325.2672424316406,42.70295715332031,62.3623046875,0.30404427647590637
689,137,476.0169677734375,143.34722900390625,81.46533203125,35.42779541015625,0.8669935464859009
689,140,152.2963409423828,330.0335388183594,41.66783142089844,60.837158203125,0.3956325352191925
690,137,469.7265625,142.31361389160156,80.230712890625,34.835540771484375,0.847409188747406
690,140,155.40335083007812,335.31671142578125,40.71977233886719,58.933990478515625,0.31595152616500854
691,137,461.9646911621094,140.90565490722656,80.62863159179688,35.238311767578125,0.8892010450363159
691,140,156.42373657226562,336.6337890625,42.46173095703125,61.163360595703125,0.3781179189682007
692,137,455.45574951171875,139.54872131347656,78.2222900390625,34.153533935546875,0.8477176427841187
693,137,449.7073669433594,138.75489807128906,76.35916137695312,33.294281005859375,0.8762574791908264
694,137,444.1368103027344,138.53341674804688,73.29074096679688,31.881515502929688,0.7461065053939819
694,140,159.51693725585938,335.2081604003906,48.22395324707031,69.97494506835938,0.32628506422042847
695,137,439.4643859863281,138.31277465820312,70.19247436523438,30.419082641601562,0.6682664155960083
696,137,434.2976989746094,138.1022186279297,67.81362915039062,29.219589233398438,0.5651981830596924
706,145,199.83761596679688,375.68365478515625,43.29130554199219,68.25677490234375,0.45889732241630554
706,147,188.90328979492188,355.69586181640625,56.462310791015625,86.83761596679688,0.3996390998363495
706,137,378.5705261230469,123.64249420166016,67.03683471679688,29.756553649902344,0.6908044219017029
707,137,374.87701416015625,121.58399200439453,66.09188842773438,30.016990661621094,0.7221972942352295
708,137,371.7876892089844,120.12138366699219,65.00067138671875,29.874649047851562,0.7102912664413452
709,137,369.8172912597656,120.03382110595703,62.453125,28.91205596923828,0.741590678691864
709,148,210.86949157714844,384.4710693359375,41.309844970703125,69.2158203125,0.3697274625301361
710,137,366.58636474609375,119.66276550292969,60.6488037109375,28.2578125,0.7115399837493896
711,137,361.4920349121094,119.30951690673828,60.507232666015625,28.38152313232422,0.5680962204933167
712,137,359.1531677246094,119.01778411865234,56.966522216796875,26.70221710205078,0.5301559567451477
713,137,355.6459655761719,118.82665252685547,56.017578125,26.198585510253906,0.4567606747150421
714,137,352.7840576171875,118.01448059082031,55.3631591796875,25.832443237304688,0.36459794640541077
714,150,176.0662078857422,153.74839782714844,46.94697570800781,27.211639404296875,0.5298929810523987
715,137,348.8707580566406,116.7236557006836,55.203125,25.73188018798828,0.5659489631652832
715,150,177.1022491455078,154.2251739501953,49.35321044921875,28.623779296875,0.6849882006645203
716,137,344.83343505859375,116.38272857666016,54.77471923828125,25.477622985839844,0.5538960099220276
716,150,176.32725524902344,153.8805694580078,52.336029052734375,30.366592407226562,0.699772834777832
717,137,340.89166259765625,115.81592559814453,53.306793212890625,24.785301208496094,0.5503770709037781
717,150,176.6635284423828,153.14144897460938,55.50587463378906,32.20143127441406,0.8145990371704102
718,137,337.9051818847656,115.91104888916016,51.28033447265625,23.723426818847656,0.610126793384552
718,150,177.60794067382812,152.7636260986328,58.70439147949219,34.07823181152344,0.8534974455833435
719,137,335.5916442871094,116.33734130859375,48.803619384765625,22.384521484375,0.43343010544776917
719,150,178.4527130126953,152.99534606933594,61.96760559082031,36.054901123046875,0.8670473694801331
719,152,236.9580841064453,408.49853515625,55.41636657714844,86.91128540039062,0.5137916207313538
720,137,333.2052307128906,116.83234405517578,45.856231689453125,20.695411682128906,0.2864321172237396
720,150,179.37322998046875,152.88568115234375,65.43576049804688,38.20619201660156,0.9125121235847473
720,152,236.17044067382812,402.2363586425781,63.601898193359375,99.82162475585938,0.5216653347015381
721,150,181.24423217773438,152.9551544189453,67.57649230957031,39.70068359375,0.8595804572105408
722,150,183.6414337158203,153.9058380126953,69.42408752441406,40.99803161621094,0.8757453560829163
723,150,186.2439422607422,154.65455627441406,70.56956481933594,41.99833679199219,0.8382986187934875
723,152,258.48040771484375,431.7077331542969,55.55780029296875,87.42422485351562,0.44777557253837585
724,150,188.804443359375,154.96728515625,71.34671020507812,42.776519775390625,0.8191905617713928
725,150,191.13011169433594,155.1346435546875,73.19230651855469,44.27259826660156,0.8510316610336304
726,150,193.44943237304688,155.68324279785156,74.6956787109375,45.69584655761719,0.8089430928230286
727,150,196.84542846679688,155.93507385253906,75.716552734375,46.8272705078125,0.821645975112915
728,150,201.5048370361328,157.79550170898438,74.33088684082031,46.35191345214844,0.8805263638496399
729,150,205.1780242919922,158.54623413085938,75.36421203613281,47.4547119140625,0.838504433631897
730,150,208.58828735351562,159.28907775878906,76.15576171875,48.29975891113281,0.8353562951087952
731,150,212.75440979003906,160.7330322265625,76.04640197753906,48.54975891113281,0.8401804566383362
732,150,215.357177734375,161.32888793945312,78.37506103515625,50.44696044921875,0.830900251865387
733,150,219.8484649658203,163.61666870117188,78.62940979003906,50.830718994140625,0.8159334659576416
734,150,223.1285400390625,164.87351989746094,79.77734375,52.08760070800781,0.8279350996017456
735,150,226.41456604003906,165.6838836669922,82.25825500488281,54.08660888671875,0.7716946601867676
736,150,231.1669158935547,167.8734893798828,81.18727111816406,53.4078369140625,0.8175376057624817
737,150,235.00238037109375,169.6249542236328,82.7232666015625,54.53956604003906,0.7723969221115112
738,150,240.6020050048828,172.1870574951172,81.94227600097656,54.02239990234375,0.7705916166305542
739,150,244.5714111328125,172.92794799804688,84.26962280273438,55.78173828125,0.7454003691673279
740,150,249.2684783935547,174.32020568847656,85.48768615722656,56.640899658203125,0.7806308269500732
741,150,254.52816772460938,175.7147216796875,86.13720703125,57.15003967285156,0.815768301486969
742,150,257.98931884765625,177.22451782226562,89.25985717773438,59.31135559082031,0.8307237029075623
743,150,263.7615966796875,180.08058166503906,89.42440795898438,59.39122009277344,0.7229214906692505
744,150,268.4463806152344,181.8129119873047,91.60275268554688,60.935943603515625,0.7957954406738281
745,150,274.03277587890625,184.3265380859375,91.74337768554688,60.74607849121094,0.8230040073394775
746,150,278.27923583984375,185.11077880859375,96.343505859375,64.05540466308594,0.8513996005058289
747,150,285.7010803222656,188.67718505859375,96.16720581054688,63.74238586425781,0.8547003865242004
748,150,292.2264709472656,191.3072052001953,96.93359375,63.92979431152344,0.8416091799736023
749,150,297.69818115234375,194.06417846679688,99.95016479492188,65.7161865234375,0.8733339309692383
750,150,303.6548156738281,197.2197265625,101.88336181640625,66.6287841796875,0.8914516568183899
751,150,309.2802734375,199.9998321533203,104.14971923828125,67.69468688964844,0.8687732815742493
752,150,316.618896484375,203.38217163085938,106.51284790039062,68.84445190429688,0.8368384838104248
753,150,323.8128356933594,205.03668212890625,110.66604614257812,71.22406005859375,0.8690535426139832
754,150,330.5089111328125,207.59906005859375,113.20806884765625,72.721923828125,0.8520922660827637
755,150,337.8804626464844,212.53265380859375,114.28472900390625,73.02285766601562,0.8216560482978821
756,150,346.5857849121094,217.3685302734375,114.5897216796875,72.49282836914062,0.7976853847503662
757,150,354.0616760253906,221.38705444335938,117.68341064453125,73.77996826171875,0.8269591927528381
758,150,360.86090087890625,222.8115997314453,124.49627685546875,77.89402770996094,0.8473976254463196
759,150,368.9244079589844,224.66189575195312,128.54891967773438,80.17788696289062,0.8069389462471008
760,150,377.3597717285156,226.82984924316406,133.3614501953125,82.99562072753906,0.8135949373245239
761,150,386.9034423828125,230.48280334472656,136.224853515625,84.33045959472656,0.7924370169639587
762,150,396.38720703125,233.41900634765625,140.47808837890625,86.659912109375,0.8276563882827759
763,150,405.8389587402344,236.9355926513672,144.56600952148438,88.87312316894531,0.810391902923584
764,150,416.046142578125,242.11712646484375,147.21746826171875,89.914794921875,0.8235564827919006
765,150,427.7881774902344,246.45310974121094,150.96261596679688,91.69132995605469,0.8123984932899475
766,150,439.6354064941406,250.51881408691406,156.04458618164062,94.35130310058594,0.8786393404006958
767,150,451.1962585449219,254.63560485839844,160.38894653320312,96.59355163574219,0.8866589665412903
768,150,463.9981384277344,259.87060546875,165.56735229492188,99.17831420898438,0.830881655216217
769,150,473.95361328125,264.7527770996094,168.62115478515625,100.93734741210938,0.8231315612792969
770,150,487.4554138183594,269.9906005859375,173.75424194335938,103.70123291015625,0.8403505682945251
771,150,484.2496337890625,274.35272216796875,214.3106689453125,130.57073974609375,0.5734059810638428
772,150,509.0670471191406,279.5171203613281,199.22732543945312,120.52487182617188,0.6399886012077332
773,150,529.1119995117188,283.9138488769531,196.28533935546875,117.89398193359375,0.7784126996994019
774,150,546.11572265625,286.9986877441406,200.0003662109375,119.59750366210938,0.8571004867553711
775,150,560.8314208984375,289.68463134765625,208.50665283203125,124.48654174804688,0.7293293476104736
776,150,573.2991943359375,289.8507995605469,222.77069091796875,133.441162109375,0.5430099964141846
777,150,582.3935546875,289.6529235839844,235.62176513671875,143.19061279296875,0.27782368659973145
778,150,601.6105346679688,289.6332702636719,251.30462646484375,154.14218139648438,0.5699138641357422
779,150,614.980224609375,289.756591796875,268.15838623046875,165.28826904296875,0.5992066860198975
780,150,624.2875366210938,289.6049499511719,287.69281005859375,177.73141479492188,0.5589484572410583
781,150,665.5897827148438,315.29541015625,267.9962158203125,163.67654418945312,0.7437072992324829
782,150,691.9423217773438,330.1315002441406,264.01617431640625,160.82485961914062,0.8531159162521362
783,150,705.8560791015625,340.9202575683594,254.1439208984375,165.48974609375,0.7109545469284058
784,150,715.5886840820312,353.0804748535156,244.41131591796875,172.24136352539062,0.5572319626808167
788,150,806.675537109375,392.84796142578125,153.324462890625,127.70806884765625,0.7038735747337341
848,164,40.106204986572266,55.00211715698242,33.96969223022461,17.65365219116211,0.41746675968170166
849,164,38.10755920410156,54.484249114990234,34.81755065917969,18.04677963256836,0.3106008470058441
850,164,38.66933059692383,54.80849838256836,34.55784225463867,17.850101470947266,0.3060656487941742
852,164,38.91592025756836,55.570648193359375,34.074832916259766,17.54804229736328,0.26662200689315796
853,164,39.43754959106445,55.85740661621094,33.443180084228516,17.184959411621094,0.31821197271347046
855,164,38.724849700927734,56.26504898071289,33.73196029663086,17.244525909423828,0.30638739466667175
859,164,37.347564697265625,55.811859130859375,34.54383087158203,17.467567443847656,0.27946770191192627
863,164,40.025634765625,58.43114471435547,32.28221893310547,16.538955688476562,0.3127126097679138
864,164,42.10749816894531,58.61355209350586,30.786155700683594,16.061847686767578,0.31122854351997375
866,164,40.97359848022461,59.19303894042969,30.617633819580078,16.077255249023438,0.2600424885749817
907,170,42.8875732421875,215.64576721191406,36.017478942871094,57.31437683105469,0.40339356660842896
908,170,40.42196273803711,217.68130493164062,35.442508697509766,56.569091796875,0.29354429244995117
909,170,41.830543518066406,218.64093017578125,36.10650634765625,57.641815185546875,0.3232584595680237
911,170,41.81772994995117,220.29840087890625,36.38180160522461,58.586151123046875,0.2917552888393402
913,170,42.38402557373047,221.27481079101562,35.688514709472656,58.369873046875,0.2894268035888672
948,174,56.52672576904297,270.5419006347656,34.512779235839844,51.889678955078125,0.43207600712776184
949,174,56.92934799194336,272.13739013671875,34.93556594848633,52.5335693359375,0.38968372344970703
950,174,58.99359130859375,276.0380859375,32.84056854248047,49.480621337890625,0.27212464809417725
953,174,54.09888458251953,276.7655944824219,37.43311309814453,56.470306396484375,0.33163997530937195
957,174,50.68135070800781,283.85150146484375,36.3651123046875,54.44427490234375,0.43934181332588196
958,174,45.15701675415039,284.6259765625,44.532344818115234,67.87619018554688,0.39871644973754883
959,174,45.51621627807617,285.7185974121094,42.0455436706543,64.00860595703125,0.32377415895462036
960,174,45.85643768310547,289.60772705078125,39.00798034667969,58.787261962890625,0.3317820131778717
964,174,39.08742904663086,296.87493896484375,37.35359573364258,53.921356201171875,0.28345274925231934
966,174,32.75394821166992,296.0804748535156,39.940250396728516,55.513702392578125,0.3397700786590576
967,174,29.289791107177734,292.6025695800781,43.76993942260742,59.099945068359375,0.3152208924293518
968,179,23.289287567138672,295.3800354003906,55.45125961303711,82.847412109375,0.3470785915851593
969,179,23.63058090209961,295.9002380371094,55.760799407958984,83.44668579101562,0.3143402934074402
973,179,25.881969451904297,320.6235046386719,42.40537643432617,62.86920166015625,0.4295724034309387
