1,1,321.0127258300781,123.78795623779297,63.38043212890625,34.88080596923828,0.7657766342163086
1,2,143.89584350585938,269.38616943359375,73.14175415039062,76.4791259765625,0.45808637142181396
1,3,561.1067504882812,177.51878356933594,125.2950439453125,48.210479736328125,0.4349035322666168
1,4,144.3658905029297,269.27874755859375,73.19796752929688,76.697998046875,0.27541282773017883
1,5,562.1805419921875,177.35105895996094,94.610107421875,54.134124755859375,0.26756101846694946
1,6,646.9359741210938,185.23155212402344,37.9967041015625,24.054656982421875,0.2580711841583252
2,1,319.0790710449219,123.8445816040039,60.692230224609375,33.398536682128906,0.7158259153366089
2,2,146.92466735839844,271.0607604980469,73.89823913574219,77.294189453125,0.25030580163002014
2,3,551.3237915039062,174.68511962890625,130.86248779296875,50.450958251953125,0.5100444555282593
2,4,147.4799346923828,271.5852966308594,73.014892578125,76.49502563476562,0.4722059369087219
3,1,317.49029541015625,124.13005828857422,56.648956298828125,31.085594177246094,0.657982349395752
3,2,149.2667694091797,272.79766845703125,75.60446166992188,79.11624145507812,0.2750411033630371
3,3,541.1502075195312,173.50015258789062,134.40924072265625,51.987396240234375,0.3777567446231842
3,4,149.57379150390625,274.1675109863281,74.176025390625,77.6883544921875,0.5499399304389954
4,1,312.1068115234375,123.68599700927734,56.412994384765625,30.799476623535156,0.7758020758628845
4,3,532.3801879882812,172.65499877929688,133.7447509765625,51.95109558105469,0.46660178899765015
4,4,151.759765625,277.41119384765625,75.15675354003906,78.7044677734375,0.45386436581611633
5,1,309.15826416015625,123.16133880615234,55.131591796875,29.98406219482422,0.5611664652824402
5,3,525.8298950195312,172.21861267089844,128.73236083984375,50.16770935058594,0.5135226249694824
5,4,155.83139038085938,280.16595458984375,76.57765197753906,80.37860107421875,0.36415305733680725
6,1,305.11688232421875,121.84564971923828,57.349395751953125,31.193092346191406,0.5775097608566284
6,3,522.076904296875,170.81996154785156,122.17431640625,47.92298889160156,0.2939971685409546
6,4,157.9066619873047,280.74609375,78.3441162109375,82.29916381835938,0.4254385232925415
7,1,301.9364929199219,120.45417785644531,58.39984130859375,31.917343139648438,0.5719916820526123
7,4,160.66714477539062,283.3142395019531,78.73426818847656,82.68112182617188,0.34802448749542236
8,1,297.9457092285156,119.93826293945312,59.565582275390625,32.75892639160156,0.68201744556427
8,4,162.44920349121094,285.49560546875,81.02688598632812,85.03738403320312,0.40280681848526
9,1,296.5013122558594,119.8572998046875,57.653839111328125,31.882247924804688,0.5699931383132935
9,4,165.7676544189453,288.4892883300781,82.06915283203125,85.99423217773438,0.38436657190322876
9,3,498.4525451660156,165.17100524902344,119.25717163085938,47.07386779785156,0.5691502690315247
10,1,293.54248046875,119.02507019042969,57.470062255859375,32.028167724609375,0.5397921204566956
10,4,168.7821044921875,291.4242858886719,83.93453979492188,88.04534912109375,0.3976731598377228
10,3,491.546142578125,162.2857666015625,120.658935546875,48.1683349609375,0.542719841003418
11,1,289.22186279296875,118.5467300415039,57.4217529296875,31.982749938964844,0.6242297887802124
11,4,173.23423767089844,294.0408020019531,84.66886901855469,88.9852294921875,0.41362032294273376
11,3,484.25823974609375,160.60104370117188,119.8358154296875,48.30842590332031,0.7302421927452087
12,1,287.63055419921875,118.4511947631836,54.204864501953125,30.126564025878906,0.5707641243934631
12,4,175.50286865234375,296.8666687011719,86.78375244140625,91.47512817382812,0.4064795672893524
12,3,476.6893005371094,159.11106872558594,119.18527221679688,48.56761169433594,0.7339760065078735
13,1,284.2538146972656,117.92321014404297,54.900299072265625,30.714317321777344,0.507770836353302
13,4,179.9033966064453,300.31982421875,86.46641540527344,91.21554565429688,0.5244900584220886
13,3,472.2001037597656,158.50697326660156,114.93484497070312,47.27806091308594,0.7720510363578796
14,1,281.642333984375,117.382080078125,55.1602783203125,31.007965087890625,0.4777202606201172
14,4,183.46994018554688,302.9445495605469,87.47808837890625,92.29281616210938,0.5634129047393799
14,3,467.0425720214844,158.03085327148438,113.89096069335938,47.38896179199219,0.6538389325141907
15,1,278.3450927734375,116.92005157470703,54.853118896484375,30.943992614746094,0.5088748931884766
15,4,186.8278045654297,305.25634765625,89.57408142089844,94.57199096679688,0.4685906767845154
15,3,460.8616027832031,157.46824645996094,113.06320190429688,47.34425354003906,0.675347626209259
16,1,277.6737060546875,116.77664947509766,50.513885498046875,28.303138732910156,0.5223356485366821
16,4,189.837890625,308.5115051269531,90.48281860351562,95.5550537109375,0.5611727833747864
16,3,454.8571472167969,155.8196563720703,106.33041381835938,45.02830505371094,0.5892264246940613
16,13,187.97727966308594,306.7932434082031,90.48014831542969,97.632080078125,0.38782209157943726
17,1,278.30218505859375,116.85992431640625,47.03826904296875,26.18487548828125,0.4657626152038574
17,4,193.10377502441406,310.2594299316406,92.53889465332031,97.80288696289062,0.4364725947380066
17,3,446.88433837890625,152.830078125,108.3902587890625,46.28143310546875,0.6560381054878235
17,13,191.67417907714844,308.65704345703125,92.72105407714844,100.07669067382812,0.26145198941230774
18,1,277.7494812011719,116.6396713256836,44.41339111328125,24.582176208496094,0.3988904058933258
18,4,194.9711151123047,311.3278503417969,96.09947204589844,101.7855224609375,0.37752366065979004
18,3,443.1535339355469,150.4781494140625,104.05935668945312,44.51136779785156,0.7516496181488037
18,13,195.05615234375,310.0030822753906,94.954833984375,102.47714233398438,0.2622087299823761
19,1,272.3040466308594,116.5252914428711,45.8736572265625,25.160667419433594,0.425701767206192
19,4,199.37289428710938,314.5294494628906,97.15805053710938,102.88888549804688,0.4152815639972687
19,3,437.12060546875,148.93653869628906,105.80615234375,45.810882568359375,0.7877153754234314
20,1,269.3433532714844,116.45917510986328,46.24322509765625,25.09807586669922,0.37103471159935
20,4,204.2493133544922,317.77911376953125,96.58128356933594,102.12799072265625,0.4733317792415619
20,3,433.2322998046875,147.64112854003906,103.6158447265625,45.31526184082031,0.7974725961685181
21,1,267.37213134765625,116.75369262695312,46.611053466796875,25.279449462890625,0.3011648952960968
21,4,207.09608459472656,320.68988037109375,99.80683898925781,105.6226806640625,0.42715516686439514
21,3,430.7326965332031,147.9439239501953,99.87808227539062,44.13679504394531,0.6634066700935364
21,19,206.75018310546875,320.5162048339844,99.0703125,105.89117431640625,0.3879735767841339
22,1,267.90008544921875,117.34508514404297,44.347320556640625,24.059104919433594,0.27014443278312683
22,4,209.5980987548828,324.0953674316406,103.03590393066406,109.2044677734375,0.39325734972953796
22,3,423.8080139160156,147.13160705566406,96.54421997070312,42.688201904296875,0.7231983542442322
22,19,209.81350708007812,323.2977600097656,101.4827880859375,108.47662353515625,0.37179771065711975
23,4,212.3212890625,326.8016052246094,104.46115112304688,110.62466430664062,0.4465654194355011
23,3,416.8535461425781,146.26321411132812,95.13385009765625,42.06443786621094,0.7800350785255432
24,4,216.28346252441406,328.6098937988281,107.74183654785156,114.41131591796875,0.38240674138069153
24,3,412.7095947265625,145.12290954589844,94.18228149414062,41.76155090332031,0.8176820278167725
25,4,221.0256805419922,332.51556396484375,109.24272155761719,116.14739990234375,0.29614153504371643
25,3,408.4334716796875,143.9935302734375,93.3408203125,41.488037109375,0.7032390832901001
26,4,226.6903839111328,336.7948913574219,107.61204528808594,114.4034423828125,0.3272816240787506
26,3,402.64154052734375,142.6590118408203,95.86129760742188,43.28338623046875,0.7386595010757446
27,4,231.5799560546875,339.6716613769531,110.48623657226562,117.66976928710938,0.2894050180912018
27,3,400.270263671875,141.8006134033203,92.4288330078125,42.25518798828125,0.7764092087745667
28,3,395.9831848144531,140.68096923828125,88.80996704101562,40.98406982421875,0.7048758268356323
29,3,393.1224365234375,139.15603637695312,84.88079833984375,39.44831848144531,0.6298773288726807
29,4,238.8075714111328,345.6181640625,113.29521179199219,120.2703857421875,0.33971381187438965
30,3,384.6285705566406,138.32542419433594,82.64248657226562,38.549407958984375,0.3457567095756531
30,4,240.77735900878906,349.0790100097656,118.44966125488281,126.39614868164062,0.37602102756500244
31,3,376.8565673828125,136.77674865722656,84.45162963867188,39.78755187988281,0.40508419275283813
32,3,372.56854248046875,135.7526092529297,83.47244262695312,39.86351013183594,0.480962872505188
33,3,370.0981140136719,135.14321899414062,84.28271484375,40.68794250488281,0.635498583316803
33,4,254.23861694335938,360.5222473144531,124.63116455078125,133.45111083984375,0.3557125926017761
34,3,367.9822998046875,135.1839141845703,82.11981201171875,40.29534912109375,0.5406565070152283
34,4,258.7685852050781,363.45782470703125,128.21084594726562,137.63519287109375,0.2603123188018799
35,3,366.0473327636719,135.14402770996094,76.54385375976562,37.722259521484375,0.4983041286468506
35,4,265.25067138671875,368.0713806152344,129.11175537109375,138.56231689453125,0.30123111605644226
36,3,357.63958740234375,134.4698944091797,75.12518310546875,36.89445495605469,0.5377132892608643
36,4,269.54779052734375,372.64697265625,131.606689453125,141.2899169921875,0.3143799602985382
38,4,278.7082824707031,379.072509765625,138.42694091796875,148.75634765625,0.29368945956230164
39,4,284.1859436035156,383.7306823730469,140.12014770507812,150.32131958007812,0.2614564895629883
40,4,294.9333190917969,389.67864990234375,128.79379272460938,135.87200927734375,0.37345486879348755
41,4,303.4674377441406,395.0237731933594,122.31893920898438,125.70834350585938,0.4346712827682495
42,4,308.66583251953125,398.9709777832031,128.07870483398438,129.87362670898438,0.30661261081695557
43,4,314.09814453125,405.3108825683594,129.61590576171875,129.30850219726562,0.3067348599433899
44,4,321.8692626953125,410.0826110839844,129.8770751953125,126.89993286132812,0.4313099682331085
44,28,792.4780883789062,212.70045471191406,160.43841552734375,63.90959167480469,0.41497063636779785
45,4,327.9935607910156,415.2069396972656,130.1617431640625,124.23788452148438,0.4706037640571594
45,28,785.3621826171875,211.93960571289062,143.73992919921875,57.161590576171875,0.5894295573234558
46,4,336.64825439453125,420.4095458984375,128.93515014648438,119.5904541015625,0.42328524589538574
46,28,774.213623046875,211.83799743652344,131.4681396484375,52.17082214355469,0.6644341945648193
47,4,345.2703552246094,424.1045227050781,129.43362426757812,115.89547729492188,0.4667964279651642
47,28,759.5315551757812,210.36033630371094,120.4237060546875,47.54679870605469,0.4116733968257904
48,4,352.3685607910156,429.57330322265625,127.64727783203125,110.42669677734375,0.40748006105422974
48,31,320.15496826171875,124.17985534667969,60.398468017578125,34.239471435546875,0.41859179735183716
52,28,686.7802124023438,190.2058563232422,121.35980224609375,48.68778991699219,0.29382461309432983
52,4,384.3091735839844,450.9236145019531,110.54507446289062,89.07638549804688,0.3247053027153015
53,28,673.0040283203125,187.1273193359375,117.77044677734375,47.678863525390625,0.28464260697364807
53,4,391.0035095214844,456.296142578125,109.3377685546875,83.703857421875,0.4099029302597046
54,4,397.4927673339844,460.8172302246094,109.59561157226562,79.18276977539062,0.43409112095832825
56,28,642.8230590820312,181.63487243652344,93.96612548828125,37.49603271484375,0.5707173347473145
57,42,284.2919006347656,119.66143035888672,58.7169189453125,33.74102020263672,0.36922645568847656
58,42,283.00811767578125,118.4191665649414,59.043670654296875,33.97486114501953,0.3390892446041107
59,42,280.458740234375,118.26031494140625,58.6719970703125,33.8441162109375,0.482189804315567
59,44,902.10986328125,225.49595642089844,54.960205078125,50.94740295410156,0.7264609932899475
60,42,278.6471862792969,117.1064682006836,58.4700927734375,33.86998748779297,0.40052953362464905
60,44,893.9962158203125,217.33961486816406,60.49847412109375,55.87211608886719,0.7697598934173584
61,42,275.8372497558594,116.4489974975586,57.505828857421875,33.375282287597656,0.3558085560798645
61,44,885.4752197265625,212.98301696777344,64.203125,58.68208312988281,0.8095787167549133
62,44,875.150634765625,210.15016174316406,71.32098388671875,64.25346374511719,0.6289072036743164
63,44,867.4852905273438,208.151611328125,78.228515625,69.33938598632812,0.7894740700721741
64,44,863.1856689453125,206.06549072265625,81.70672607421875,71.01919555664062,0.8444656133651733
65,44,851.5734252929688,202.8524627685547,86.13812255859375,72.04322814941406,0.8729712963104248
66,44,842.8751220703125,200.6248016357422,88.579345703125,70.37229919433594,0.860302209854126
67,44,833.1702880859375,197.964111328125,92.1837158203125,69.29257202148438,0.8543417453765869
68,44,820.855224609375,196.39820861816406,92.6258544921875,66.12446594238281,0.8213321566581726
69,44,805.8848266601562,193.7265167236328,96.82598876953125,66.09019470214844,0.8632465600967407
70,44,794.3538818359375,191.33367919921875,97.3006591796875,63.45916748046875,0.8887012004852295
70,50,535.1679077148438,154.45767211914062,40.936279296875,31.150299072265625,0.5408523678779602
71,44,781.3615112304688,188.12405395507812,99.111083984375,62.0380859375,0.9028740525245667
72,44,767.8862915039062,185.8565673828125,102.7315673828125,62.024810791015625,0.9097554087638855
73,44,754.357177734375,184.22938537597656,106.1253662109375,62.19007873535156,0.8750295042991638
73,54,474.39849853515625,147.28750610351562,74.0157470703125,29.901229858398438,0.4818328619003296
74,44,737.5533447265625,182.03665161132812,108.47900390625,63.126312255859375,0.8682082295417786
74,54,465.4270935058594,145.27236938476562,76.92721557617188,31.044342041015625,0.7416388988494873
75,44,728.173095703125,179.85508728027344,108.48333740234375,61.88262939453125,0.8699266910552979
75,54,460.79095458984375,144.50778198242188,72.40228271484375,29.156524658203125,0.5221858024597168
76,44,722.9950561523438,178.7906494140625,104.241943359375,57.46385192871094,0.8541809916496277
76,54,452.0036315917969,143.22442626953125,70.51962280273438,28.29071044921875,0.4624483585357666
77,44,711.9469604492188,176.3335418701172,105.28057861328125,56.72639465332031,0.8876338005065918
77,54,440.9447326660156,141.4738006591797,78.14852905273438,31.474533081054688,0.45711424946784973
78,44,700.7340698242188,174.1537322998047,107.239013671875,56.75538635253906,0.890753448009491
78,54,436.7225646972656,140.39207458496094,72.44497680664062,29.047393798828125,0.382149338722229
79,44,689.4258422851562,173.02975463867188,107.854248046875,56.16093444824219,0.8943514823913574
80,44,679.220703125,171.40220642089844,108.236328125,55.6719970703125,0.8743425011634827
80,54,424.5921936035156,138.19924926757812,67.53240966796875,26.997344970703125,0.29224562644958496
81,44,671.3696899414062,170.07904052734375,105.43328857421875,53.40826416015625,0.8750574588775635
82,44,664.4078979492188,169.20953369140625,101.09393310546875,50.196990966796875,0.877106785774231
82,54,415.0553894042969,135.5078582763672,61.54730224609375,24.353057861328125,0.27233871817588806
83,44,655.6900024414062,168.87298583984375,99.8177490234375,48.56626892089844,0.8171340823173523
84,44,644.1424560546875,167.00624084472656,102.72955322265625,49.39617919921875,0.8163078427314758
85,44,634.105224609375,165.00723266601562,105.26361083984375,50.35353088378906,0.7952708005905151
86,44,625.1159057617188,162.36642456054688,105.1715087890625,49.921875,0.7651549577713013
87,44,618.043212890625,160.91676330566406,103.12005615234375,48.4720458984375,0.7801564931869507
88,44,610.54736328125,159.5130157470703,103.0321044921875,48.143585205078125,0.857726514339447
89,44,603.3515014648438,157.81411743164062,100.6988525390625,46.76715087890625,0.8416031002998352
90,44,595.8760986328125,156.9905548095703,99.364013671875,45.860015869140625,0.8005474209785461
91,44,586.9352416992188,154.89320373535156,100.31585693359375,46.2156982421875,0.859002411365509
92,44,579.1311645507812,154.0137939453125,101.38922119140625,46.701141357421875,0.878877580165863
93,44,572.1891479492188,153.50608825683594,98.23779296875,45.070831298828125,0.8397552967071533
94,44,563.6348876953125,152.5740966796875,98.44512939453125,44.96449279785156,0.8192893862724304
95,44,555.5095825195312,151.4379119873047,98.5177001953125,45.07511901855469,0.8688564300537109
96,44,549.044921875,150.167236328125,97.2171630859375,44.419586181640625,0.8466086387634277
97,44,541.4505004882812,149.3866729736328,95.11395263671875,43.369903564453125,0.8399110436439514
98,44,535.2257080078125,148.44068908691406,93.417236328125,42.58265686035156,0.859050452709198
99,44,527.9014282226562,147.33444213867188,94.54437255859375,43.19889831542969,0.8167544603347778
100,44,520.3515014648438,146.60971069335938,93.84222412109375,43.02197265625,0.8341609835624695
101,44,513.4788818359375,145.27728271484375,94.21044921875,43.3707275390625,0.8203322887420654
102,44,508.3386535644531,144.21351623535156,91.15725708007812,41.94902038574219,0.8483044505119324
103,44,501.6923828125,142.9591064453125,90.956787109375,41.99153137207031,0.8782997131347656
104,44,495.7474365234375,142.3443603515625,89.0616455078125,41.23976135253906,0.8806502819061279
105,44,489.44293212890625,141.81324768066406,86.56024169921875,39.96156311035156,0.8665504455566406
106,44,485.3170166015625,140.6634979248047,85.3206787109375,39.492095947265625,0.8450398445129395
107,44,480.0764465332031,139.4532470703125,83.63241577148438,38.67243957519531,0.8444563150405884
108,44,475.1224365234375,139.03305053710938,82.34942626953125,38.14698791503906,0.7892888784408569
109,44,469.0962219238281,138.35235595703125,82.47244262695312,38.27500915527344,0.7592300772666931
110,44,464.7455139160156,138.0195770263672,81.36886596679688,37.791839599609375,0.841280996799469
111,44,461.00506591796875,137.86349487304688,76.9188232421875,35.65321350097656,0.758672297000885
112,44,456.9930725097656,138.09332275390625,75.28866577148438,34.7392578125,0.8469502925872803
113,44,453.02276611328125,138.09048461914062,73.2967529296875,33.596466064453125,0.80074542760849
114,44,448.70013427734375,138.4850311279297,70.788330078125,32.03547668457031,0.6147289872169495
115,44,443.0049743652344,138.07241821289062,71.20730590820312,32.08293151855469,0.5910041928291321
121,70,820.6053466796875,207.93853759765625,135.02655029296875,66.18569946289062,0.8158356547355652
122,70,816.1723022460938,206.63717651367188,128.189208984375,62.580902099609375,0.8261029720306396
123,70,808.1025390625,203.84332275390625,118.7056884765625,57.53338623046875,0.8212897181510925
124,70,796.2948608398438,201.8809051513672,117.1551513671875,56.25794982910156,0.8400430679321289
124,72,401.7246398925781,125.42813110351562,33.93597412109375,29.109848022460938,0.45065706968307495
125,70,785.1937255859375,201.3336639404297,115.1907958984375,54.72611999511719,0.7894569635391235
125,72,399.6159362792969,124.91622924804688,34.2647705078125,29.29296875,0.39733538031578064
126,70,775.6325073242188,202.04078674316406,109.094970703125,51.02098083496094,0.6357437968254089
126,72,396.9978942871094,123.9586410522461,34.668914794921875,29.39214324951172,0.3864077031612396
127,70,770.1570434570312,204.96466064453125,98.41119384765625,44.84675598144531,0.5045260190963745
127,72,393.32373046875,122.33969116210938,35.66473388671875,29.956527709960938,0.3761465549468994
127,44,385.0252380371094,122.53983306884766,67.66961669921875,31.12316131591797,0.5054514408111572
128,70,756.667236328125,203.25335693359375,103.37261962890625,46.2955322265625,0.43164873123168945
128,44,379.5042724609375,122.2353286743164,63.26171875,29.847068786621094,0.5334755778312683
129,70,735.5144653320312,201.31961059570312,107.9473876953125,48.35548400878906,0.28794923424720764
129,44,376.0492858886719,121.78683471679688,63.52093505859375,30.32489013671875,0.4824697971343994
130,70,720.6288452148438,195.63169860839844,115.84356689453125,51.98451232910156,0.2912810146808624
130,44,372.90582275390625,122.0501937866211,62.45654296875,30.00933074951172,0.546049177646637
131,70,711.8181762695312,191.32119750976562,120.98681640625,54.167999267578125,0.8146457076072693
131,44,369.3906555175781,122.55656433105469,62.02117919921875,29.828811645507812,0.5270417332649231
132,70,702.3714599609375,189.30946350097656,122.914306640625,54.94584655761719,0.8552917242050171
132,44,366.2192687988281,122.34776306152344,63.04522705078125,30.412490844726562,0.5269041061401367
132,73,368.9356689453125,124.27674102783203,37.16253662109375,27.533470153808594,0.39313676953315735
133,70,694.3833618164062,188.10342407226562,120.1221923828125,53.4661865234375,0.8231324553489685
133,44,363.4734802246094,123.1854019165039,62.334503173828125,29.913108825683594,0.5364689230918884
133,73,364.513916015625,123.59959411621094,38.33953857421875,28.4119873046875,0.42457738518714905
134,70,688.7748413085938,185.1860809326172,115.01434326171875,50.68670654296875,0.5970465540885925
134,44,360.4821472167969,122.38822174072266,60.927978515625,29.09369659423828,0.3473009765148163
134,73,360.3927001953125,122.90880584716797,35.62158203125,26.434791564941406,0.3742283880710602
135,70,680.2579345703125,183.57569885253906,113.5203857421875,49.53422546386719,0.5392005443572998
135,44,357.7545166015625,122.56185150146484,56.274505615234375,26.591957092285156,0.27403348684310913
136,70,672.4782104492188,183.4805908203125,110.80303955078125,47.915069580078125,0.6337084770202637
136,44,353.9122619628906,121.49894714355469,55.98931884765625,26.187530517578125,0.3548617362976074
136,73,352.5992126464844,122.88538360595703,31.057891845703125,23.02385711669922,0.41941362619400024
137,70,664.5211181640625,183.02456665039062,110.389892578125,47.30705261230469,0.7388641834259033
137,44,346.8890380859375,121.09282684326172,53.429290771484375,25.37940216064453,0.47524067759513855
137,73,348.78955078125,121.8935546875,32.18255615234375,23.861587524414062,0.35639458894729614
138,70,656.8493041992188,182.06979370117188,107.6507568359375,45.74913024902344,0.713241457939148
138,44,345.75225830078125,119.85659790039062,57.315338134765625,27.130172729492188,0.540371298789978
138,73,345.8106689453125,120.86661529541016,32.899993896484375,24.424034118652344,0.3542279899120331
139,70,648.0796508789062,179.47897338867188,109.21282958984375,46.204010009765625,0.5679585933685303
139,44,341.8743896484375,118.40003967285156,60.348236083984375,28.6510009765625,0.5667436718940735
139,73,343.25164794921875,119.3459243774414,34.03204345703125,25.159095764160156,0.35480937361717224
140,70,638.342041015625,176.32208251953125,110.3870849609375,46.52874755859375,0.7532969117164612
140,44,339.927978515625,118.49134063720703,58.035003662109375,27.487037658691406,0.41865864396095276
140,73,339.5462341308594,119.13680267333984,32.41729736328125,24.07366180419922,0.3002612590789795
141,70,632.6779174804688,174.63475036621094,106.8531494140625,44.71220397949219,0.7503546476364136
141,44,338.5401306152344,117.81366729736328,56.660491943359375,26.735755920410156,0.3653334975242615
141,73,339.5013427734375,118.71161651611328,32.433074951171875,23.80742645263672,0.3005707263946533
142,70,627.287841796875,174.0731964111328,104.97637939453125,43.60386657714844,0.4660763442516327
143,70,619.9752197265625,172.81324768066406,104.55010986328125,43.10734558105469,0.7494503855705261
144,70,612.573974609375,171.15426635742188,104.1287841796875,42.74537658691406,0.7936849594116211
145,70,605.5178833007812,168.69580078125,103.3878173828125,42.36170959472656,0.6801045536994934
146,70,599.025146484375,165.8369140625,102.67852783203125,41.95170593261719,0.7810204029083252
147,70,592.0532836914062,164.3753662109375,101.8717041015625,41.49906921386719,0.7525880336761475
148,70,587.8347778320312,165.1345672607422,96.48895263671875,38.89353942871094,0.6166608929634094
149,70,579.5440673828125,162.391845703125,101.437744140625,41.045135498046875,0.6841243505477905
150,70,573.0513916015625,160.63087463378906,101.69134521484375,41.2769775390625,0.6206761598587036
151,70,565.6128540039062,160.2577667236328,102.5145263671875,41.711822509765625,0.5896120667457581
152,70,560.3965454101562,159.68359375,100.068359375,40.80339050292969,0.7416195869445801
153,70,556.7393188476562,158.26214599609375,96.79302978515625,39.427642822265625,0.8251868486404419
154,70,551.2937622070312,156.47470092773438,95.25592041015625,38.83174133300781,0.7400203943252563
155,70,547.820556640625,155.8195343017578,92.36749267578125,37.58929443359375,0.688014566898346
156,70,540.0989990234375,154.79965209960938,94.5924072265625,38.58714294433594,0.684716522693634
157,70,534.2182006835938,154.07809448242188,94.298828125,38.55891418457031,0.7881746888160706
158,70,529.0726318359375,153.8842315673828,92.400390625,37.8031005859375,0.8306156396865845
159,70,523.3444213867188,153.7310791015625,90.13446044921875,36.741546630859375,0.7197130918502808
160,70,517.7554931640625,152.64886474609375,91.62939453125,37.48606872558594,0.8673829436302185
161,70,511.3901672363281,151.13656616210938,91.22103881835938,37.36836242675781,0.7578516006469727
162,70,505.763916015625,148.96890258789062,91.11871337890625,37.58482360839844,0.7408729195594788
163,70,500.2314758300781,146.94935607910156,88.51406860351562,36.6439208984375,0.7375196218490601
164,70,494.61895751953125,146.29226684570312,85.79754638671875,35.38323974609375,0.6826598644256592
165,70,488.93365478515625,145.26434326171875,85.4552001953125,35.395660400390625,0.7964576482772827
166,70,484.20733642578125,144.8919219970703,83.5321044921875,34.79136657714844,0.7477642297744751
167,70,477.053955078125,143.65972900390625,83.78076171875,34.97047424316406,0.7084773778915405
168,70,471.2461242675781,142.94996643066406,84.03060913085938,35.28666687011719,0.7987366914749146
169,70,466.8480224609375,142.40008544921875,82.49957275390625,34.77632141113281,0.7188796997070312
170,70,464.7490234375,142.7740478515625,77.1082763671875,32.28630065917969,0.7070522308349609
171,70,460.6602478027344,141.6246337890625,75.38491821289062,31.517166137695312,0.7814317941665649
172,70,456.0038146972656,141.36695861816406,74.07095336914062,30.806900024414062,0.7213291525840759
173,70,451.12554931640625,140.43397521972656,74.2303466796875,30.828399658203125,0.7337942123413086
174,70,445.5555419921875,139.39134216308594,74.94989013671875,31.074005126953125,0.6475932598114014
175,70,441.273681640625,138.76402282714844,75.52642822265625,31.451858520507812,0.6651875972747803
176,70,438.1971130371094,138.92662048339844,71.92910766601562,29.7860107421875,0.34682318568229675
177,70,436.38275146484375,139.3433074951172,67.23663330078125,27.579498291015625,0.3561227321624756
179,70,427.5696716308594,139.26971435546875,64.97647094726562,26.462814331054688,0.2842264473438263
180,70,423.23419189453125,139.00181579589844,64.34085083007812,26.104721069335938,0.3176426291465759
181,70,418.6133117675781,138.35609436035156,65.617919921875,26.685455322265625,0.34695670008659363
182,70,418.7918395996094,140.32223510742188,60.3402099609375,24.456893920898438,0.2772365212440491
183,70,411.1389465332031,137.91079711914062,63.53265380859375,25.749984741210938,0.29635924100875854
185,70,409.1661682128906,138.48992919921875,59.383544921875,24.151199340820312,0.3438687026500702
187,70,413.4732360839844,138.9248046875,52.284942626953125,22.097564697265625,0.5735065340995789
193,88,374.86212158203125,125.59518432617188,62.748992919921875,27.183868408203125,0.5087652802467346
193,89,395.3273620605469,127.49836730957031,41.1429443359375,26.022979736328125,0.420522004365921
193,70,394.4172058105469,131.4857177734375,49.639007568359375,22.218948364257812,0.4715590476989746
194,88,372.24310302734375,125.2841567993164,63.172210693359375,27.403480529785156,0.5509134531021118
194,89,397.483154296875,130.44622802734375,36.01165771484375,22.795700073242188,0.3011789619922638
195,88,369.7980651855469,124.89254760742188,62.54119873046875,27.1771240234375,0.4956272840499878
195,89,397.1412658691406,132.98594665527344,31.0093994140625,19.581222534179688,0.281059205532074
195,70,386.04351806640625,128.4089813232422,51.278839111328125,24.014541625976562,0.4038795530796051
196,88,367.6220397949219,124.12602233886719,60.326080322265625,26.240158081054688,0.2837197482585907
196,89,392.7220764160156,131.2664794921875,32.055908203125,20.1964111328125,0.434976190328598
196,70,380.424560546875,125.44441223144531,52.117889404296875,25.310348510742188,0.31534337997436523
197,89,390.306640625,131.9102325439453,30.674774169921875,19.2769775390625,0.31879720091819763
199,88,357.7142028808594,121.09288787841797,55.328887939453125,23.97960662841797,0.49563297629356384
199,70,373.23126220703125,122.7051010131836,45.264404296875,22.72521209716797,0.4345396161079407
200,88,353.43975830078125,120.96955108642578,54.93115234375,23.749778747558594,0.3959873914718628
200,70,371.462646484375,123.42354583740234,41.934356689453125,21.61986541748047,0.3375399708747864
201,88,350.96087646484375,121.36803436279297,52.009185791015625,22.37926483154297,0.5602785348892212
201,70,365.0981140136719,122.94245147705078,42.939727783203125,22.339210510253906,0.43756505846977234
202,88,348.1035461425781,120.68251037597656,52.190826416015625,22.479537963867188,0.4158601462841034
202,70,364.02001953125,122.22038269042969,41.509063720703125,22.343429565429688,0.29216358065605164
203,88,345.269287109375,119.98966979980469,52.261688232421875,22.522323608398438,0.5883609652519226
203,70,362.9833679199219,122.19883728027344,39.286834716796875,21.600204467773438,0.28011688590049744
204,88,341.8387756347656,120.02017974853516,50.943267822265625,22.08147430419922,0.4200621247291565
204,70,360.979736328125,122.35820770263672,37.2161865234375,20.72754669189453,0.3453792929649353
205,88,339.172607421875,119.2097396850586,51.56585693359375,22.327720642089844,0.4357570707798004
205,70,360.17828369140625,122.9883041381836,34.688140869140625,19.47222137451172,0.3088875114917755
206,88,337.189697265625,118.51280975341797,52.26513671875,22.719703674316406,0.4233514070510864
207,88,335.0788269042969,118.62824249267578,48.635162353515625,21.17693328857422,0.36902323365211487
207,70,355.8476257324219,122.4081039428711,34.563873291015625,19.64977264404297,0.37605616450309753
209,88,330.7539367675781,117.78628540039062,50.98419189453125,22.161956787109375,0.27354785799980164
209,70,349.67083740234375,120.3704833984375,35.6448974609375,20.633071899414062,0.2563317120075226
217,70,330.5839538574219,118.69755554199219,31.064208984375,17.906707763671875,0.31044667959213257
269,98,834.5933227539062,216.2373046875,111.97918701171875,61.11126708984375,0.7795999050140381
270,98,825.1658325195312,212.2117919921875,115.26043701171875,62.44464111328125,0.8567967414855957
271,98,815.4747924804688,209.65492248535156,115.02716064453125,61.52619934082031,0.831057071685791
272,98,800.2681884765625,206.96908569335938,114.15423583984375,60.215545654296875,0.8139535784721375
273,98,786.0117797851562,204.68389892578125,111.93487548828125,58.20330810546875,0.8389794230461121
274,98,774.6527709960938,203.11099243164062,105.06011962890625,53.501800537109375,0.7932994961738586
275,98,759.1170043945312,198.82125854492188,107.60107421875,53.874420166015625,0.5709524154663086
276,98,737.1152954101562,195.84210205078125,108.96417236328125,54.334716796875,0.6814711689949036
277,98,726.0130615234375,192.86399841308594,109.80291748046875,54.2955322265625,0.8659543395042419
278,98,717.88720703125,189.27139282226562,111.35858154296875,54.35111999511719,0.7445831298828125
279,98,707.2410888671875,186.249755859375,112.41107177734375,54.19134521484375,0.8476366996765137
280,98,696.0257568359375,183.99884033203125,111.51715087890625,53.135589599609375,0.879557192325592
281,98,685.9788818359375,182.1702117919922,109.0975341796875,51.339630126953125,0.8714584708213806
282,98,675.2901611328125,180.35244750976562,106.33544921875,49.35960388183594,0.8505368828773499
283,98,664.5542602539062,177.96348571777344,104.99737548828125,48.11177062988281,0.8250204920768738
284,98,653.6585693359375,174.2977294921875,106.10491943359375,48.14451599121094,0.8434995412826538
285,98,644.0797729492188,172.1995391845703,103.8016357421875,46.60246276855469,0.8796513080596924
286,98,635.6289672851562,170.51797485351562,101.75189208984375,45.22407531738281,0.8066322803497314
287,98,624.9413452148438,168.54562377929688,100.94964599609375,44.4334716796875,0.8276481628417969
288,98,615.5135498046875,166.6229248046875,99.95361328125,43.656494140625,0.8219691514968872
289,98,605.8282470703125,163.61517333984375,101.5767822265625,44.27149963378906,0.791903018951416
290,98,596.204833984375,161.9019775390625,100.587890625,43.66912841796875,0.7388550043106079
291,98,587.3278198242188,160.29747009277344,99.9786376953125,43.30497741699219,0.7474098205566406
292,98,579.4633178710938,159.01492309570312,98.72412109375,42.66416931152344,0.593650221824646
293,98,571.044921875,157.47950744628906,97.8951416015625,42.25848388671875,0.8109211325645447
294,98,563.1395263671875,156.2508544921875,94.19976806640625,40.44976806640625,0.8440853357315063
295,98,554.101318359375,154.51678466796875,95.41058349609375,40.97578430175781,0.8043206930160522
296,98,547.354736328125,152.6595916748047,92.6265869140625,39.67779541015625,0.8246710896492004
297,98,540.84033203125,151.81495666503906,89.6575927734375,38.20045471191406,0.8048355579376221
298,98,532.8831787109375,151.26646423339844,89.56121826171875,38.11763000488281,0.8133195042610168
299,98,524.908203125,150.36325073242188,89.52545166015625,38.16218566894531,0.7231854200363159
300,98,516.8040771484375,148.04541015625,91.0885009765625,39.057220458984375,0.7515214085578918
301,98,510.08331298828125,146.86109924316406,89.09356689453125,38.258453369140625,0.892379879951477
302,98,504.32952880859375,145.64553833007812,87.8626708984375,37.79063415527344,0.8951855897903442
303,98,499.0093688964844,144.80276489257812,84.25210571289062,36.189422607421875,0.8678050637245178
304,98,492.80072021484375,143.86349487304688,82.022216796875,35.15374755859375,0.8471291065216064
305,98,486.95135498046875,143.31080627441406,80.41357421875,34.413726806640625,0.8259091377258301
306,98,480.2301940917969,142.1256103515625,81.36099243164062,34.90235900878906,0.8134183883666992
307,98,474.5469665527344,141.05218505859375,79.79586791992188,34.26966857910156,0.832238495349884
308,98,468.7505798339844,139.8245086669922,79.53427124023438,34.09226989746094,0.8045768737792969
309,98,462.310546875,139.26431274414062,77.76068115234375,33.35597229003906,0.7975183129310608
310,98,457.3254089355469,138.92135620117188,75.14071655273438,32.112762451171875,0.8417231440544128
311,98,452.2239074707031,138.77207946777344,74.21737670898438,31.672103881835938,0.8522077202796936
312,98,447.4997253417969,138.7309112548828,72.17959594726562,30.569854736328125,0.7758062481880188
313,98,442.8797912597656,138.43516540527344,70.78909301757812,29.794876098632812,0.7419903874397278
314,98,437.8721618652344,138.5421905517578,68.71939086914062,28.730194091796875,0.47666338086128235
315,98,434.2637939453125,138.4522705078125,66.8427734375,27.720718383789062,0.5581435561180115
316,98,429.1189270019531,138.11074829101562,66.66482543945312,27.392318725585938,0.3700214922428131
317,98,425.3469543457031,138.34317016601562,63.6549072265625,25.8056640625,0.3051547110080719
318,98,421.4258728027344,137.79916381835938,61.55926513671875,24.618804931640625,0.3553664982318878
319,98,416.3644104003906,137.56578063964844,60.225311279296875,23.759536743164062,0.454865425825119
320,98,411.4614562988281,136.8833770751953,60.86737060546875,23.770233154296875,0.43966159224510193
328,98,367.22235107421875,121.7035140991211,72.71160888671875,29.274375915527344,0.6108818054199219
329,98,365.117919921875,120.54818725585938,70.75283813476562,29.027206420898438,0.568361759185791
330,98,362.1419982910156,120.23235321044922,67.5478515625,28.110374450683594,0.40945136547088623
331,98,358.3697814941406,119.97517395019531,66.0572509765625,27.852371215820312,0.2885880768299103
332,98,356.0884704589844,120.18445587158203,61.800018310546875,26.160804748535156,0.2708401679992676
333,98,354.3102111816406,119.74662017822266,62.08050537109375,26.698936462402344,0.297073096036911
334,98,349.95281982421875,118.99443054199219,60.762054443359375,26.349288940429688,0.4434121251106262
335,98,348.19580078125,118.8305435180664,57.400970458984375,24.878929138183594,0.4314658045768738
336,98,345.13421630859375,117.92729949951172,57.261199951171875,24.98682403564453,0.5492371320724487
337,98,342.0444641113281,117.57645416259766,56.611602783203125,24.90746307373047,0.5390692353248596
338,98,338.5933532714844,116.81987762451172,56.710479736328125,25.15196990966797,0.4888121485710144
339,98,337.0279235839844,117.08524322509766,54.68939208984375,24.26740264892578,0.35419636964797974
499,114,891.380859375,309.46429443359375,68.619140625,75.35418701171875,0.5058097839355469
505,115,179.7504425048828,158.60183715820312,39.45536804199219,24.15252685546875,0.33792799711227417
506,115,181.765380859375,159.53216552734375,39.44056701660156,24.10748291015625,0.3696536719799042
507,115,178.94107055664062,157.1233673095703,46.55552673339844,28.505264282226562,0.4203421175479889
509,115,178.5706787109375,155.30453491210938,53.81523132324219,33.04646301269531,0.37773948907852173
510,115,178.725830078125,155.05059814453125,56.70555114746094,34.8663330078125,0.2996222674846649
512,115,178.8380889892578,154.67001342773438,60.8865966796875,37.44685363769531,0.43843764066696167
513,115,178.93870544433594,154.47865295410156,62.89491271972656,38.72923278808594,0.6087971329689026
514,115,179.46034240722656,153.9520721435547,67.78376770019531,41.89613342285156,0.7659725546836853
515,115,182.25779724121094,154.5530548095703,69.12838745117188,42.75492858886719,0.44884687662124634
516,115,183.56979370117188,154.65065002441406,71.67892456054688,44.62425231933594,0.4614393413066864
517,115,185.54443359375,154.91610717773438,73.53366088867188,45.9591064453125,0.38789865374565125
518,115,188.1383819580078,155.6512451171875,74.75218200683594,46.994537353515625,0.4396026134490967
519,115,190.9930877685547,156.38925170898438,74.48115539550781,46.91020202636719,0.621146023273468
520,115,193.64129638671875,156.59254455566406,75.64974975585938,47.847015380859375,0.4632045328617096
521,115,196.0662078857422,157.67991638183594,76.43730163574219,48.41839599609375,0.5839818120002747
522,115,199.3859405517578,159.00502014160156,77.10542297363281,49.034576416015625,0.6999410390853882
523,115,202.8520965576172,160.11915588378906,77.52470397949219,49.36773681640625,0.6710997819900513
524,115,205.6387481689453,160.23951721191406,78.73518371582031,50.322601318359375,0.6842539310455322
525,115,207.17832946777344,160.9647216796875,81.56608581542969,52.41864013671875,0.5560899972915649
526,115,210.3943328857422,162.22689819335938,81.93354797363281,52.731719970703125,0.7004111409187317
527,115,213.74412536621094,163.7933349609375,82.10722351074219,52.95159912109375,0.7283986210823059
528,115,216.0459747314453,165.00869750976562,83.35472106933594,54.01470947265625,0.6745893955230713
529,115,219.89157104492188,166.99383544921875,84.21051025390625,54.612823486328125,0.6105929613113403
530,115,223.57122802734375,168.68487548828125,84.92910766601562,55.069305419921875,0.6852937340736389
531,115,226.61163330078125,169.98301696777344,85.45361328125,55.44657897949219,0.6735426187515259
532,115,231.09280395507812,172.8125,84.2454833984375,54.227996826171875,0.6702726483345032
533,115,233.75938415527344,174.50538635253906,86.47846984863281,55.5302734375,0.5911425352096558
534,115,237.2189483642578,175.30874633789062,89.40312194824219,57.33720397949219,0.5098015666007996
535,115,241.4311065673828,177.162353515625,90.07905578613281,57.617095947265625,0.7341377139091492
536,115,244.9306182861328,177.79913330078125,92.84925842285156,59.53515625,0.6698504686355591
537,115,249.11810302734375,178.92091369628906,94.15969848632812,60.33760070800781,0.5807514786720276
538,115,253.57615661621094,179.8618927001953,94.75520324707031,60.774627685546875,0.6537676453590393
539,115,257.9019775390625,182.00885009765625,96.29031372070312,61.573394775390625,0.5853127241134644
540,115,261.59881591796875,183.55967712402344,97.66250610351562,62.61048889160156,0.7368173003196716
541,115,265.7719421386719,185.03189086914062,99.43557739257812,63.7523193359375,0.699856162071228
542,115,271.29705810546875,187.63673400878906,98.89019775390625,63.265655517578125,0.7745348811149597
543,115,277.0091857910156,189.5914306640625,99.35482788085938,63.30909729003906,0.6753953099250793
544,115,281.8083801269531,191.49197387695312,101.16546630859375,64.3697509765625,0.6483724117279053
545,115,286.8060302734375,193.1265106201172,102.8648681640625,65.21644592285156,0.6973795294761658
546,115,291.36553955078125,194.01385498046875,105.47991943359375,66.94357299804688,0.4036458432674408
547,115,296.4934387207031,195.158935546875,107.66900634765625,68.27487182617188,0.3446333706378937
548,115,300.9076843261719,197.76028442382812,110.02664184570312,69.55392456054688,0.7689803242683411
549,115,305.56463623046875,200.00697326660156,112.2335205078125,70.58283996582031,0.8380730152130127
550,115,311.4700622558594,202.20440673828125,114.45376586914062,71.6396484375,0.8435741662979126
551,115,318.0433654785156,203.93878173828125,116.94406127929688,73.14010620117188,0.7052351832389832
552,115,324.8703308105469,206.77357482910156,117.48379516601562,73.24171447753906,0.6729616522789001
553,115,330.84234619140625,208.9447784423828,120.71981811523438,75.19447326660156,0.587171196937561
554,115,337.9576721191406,211.50140380859375,121.70205688476562,75.56866455078125,0.39667099714279175
555,115,347.3002624511719,217.90736389160156,118.41891479492188,72.83094787597656,0.3649643063545227
556,115,352.57122802734375,220.01429748535156,121.86331176757812,74.27421569824219,0.676700234413147
557,115,358.534912109375,220.5817413330078,127.89181518554688,77.87019348144531,0.7316300868988037
558,115,365.149169921875,221.8614501953125,131.74221801757812,80.07833862304688,0.7158472537994385
559,115,372.2114562988281,224.1231689453125,133.7689208984375,81.040283203125,0.8128091096878052
560,115,378.50970458984375,226.18258666992188,137.98828125,83.52911376953125,0.7029695510864258
561,115,385.61334228515625,228.31011962890625,141.126708984375,85.321044921875,0.6137528419494629
562,115,394.3945007324219,231.90341186523438,142.93508911132812,86.23416137695312,0.7436859011650085
563,115,402.6772155761719,234.4539337158203,146.20175170898438,87.90287780761719,0.8114543557167053
564,115,411.3104248046875,237.94117736816406,148.40545654296875,88.94029235839844,0.6021330952644348
565,115,419.0793151855469,241.10848999023438,152.97805786132812,91.407958984375,0.7684022188186646
566,115,428.0068664550781,243.3759765625,155.77536010742188,92.8740234375,0.6760595440864563
567,115,437.26153564453125,246.072021484375,158.794189453125,94.35528564453125,0.5975092649459839
568,115,446.51934814453125,248.1305389404297,163.62701416015625,97.08445739746094,0.8663972616195679
569,115,455.3114929199219,250.64569091796875,169.08010864257812,100.38442993164062,0.7951773405075073
570,115,466.0426940917969,254.2725372314453,171.24697875976562,101.49034118652344,0.791222095489502
571,115,478.6360778808594,258.9010314941406,174.23458862304688,102.66592407226562,0.8220289945602417
572,115,487.4764099121094,263.10223388671875,175.99935913085938,103.606689453125,0.7757492065429688
573,115,497.52728271484375,267.2851867675781,180.76739501953125,106.37069702148438,0.8158277869224548
574,115,510.4391174316406,270.9468078613281,183.25460815429688,107.31539916992188,0.5819971561431885
575,115,522.7637329101562,274.70245361328125,187.365478515625,109.3060302734375,0.4288425147533417
576,115,533.4917602539062,278.4638977050781,196.0931396484375,114.41452026367188,0.6609464287757874
577,115,546.8472290039062,284.0067138671875,198.35076904296875,115.40280151367188,0.7396531105041504
578,115,558.8906860351562,288.8345947265625,203.75347900390625,118.39761352539062,0.7301386594772339
579,115,570.345703125,293.7282409667969,208.4124755859375,121.24166870117188,0.7071341276168823
580,115,577.9708862304688,296.0242004394531,219.01947021484375,128.6129150390625,0.34717756509780884
581,115,587.8876342773438,296.06103515625,229.3541259765625,136.27920532226562,0.4897582232952118
582,115,607.211669921875,296.9241943359375,242.0322265625,145.05712890625,0.32395118474960327
583,115,618.4598388671875,298.00634765625,254.17950439453125,153.52236938476562,0.3312968611717224
584,115,629.34716796875,300.247314453125,264.86492919921875,160.48782348632812,0.5800170302391052
584,128,635.0517578125,296.1541748046875,249.58966064453125,164.699951171875,0.389718234539032
585,115,647.7550659179688,307.67578125,267.3822021484375,162.1693115234375,0.35814520716667175
586,115,675.4829711914062,323.927490234375,259.1495361328125,156.30746459960938,0.5480402708053589
586,130,669.3109130859375,329.37457275390625,271.3963623046875,149.43270874023438,0.395026832818985
587,115,694.6609497070312,334.0422668457031,260.6448974609375,157.0250244140625,0.7788777351379395
588,115,703.0711669921875,337.6521301269531,256.9288330078125,164.70413208007812,0.7971215844154358
589,115,712.0321655273438,338.8876953125,247.96783447265625,171.67132568359375,0.804709255695343
590,115,723.7825317382812,336.3487243652344,236.21746826171875,173.8253173828125,0.6401944160461426
591,115,737.75244140625,336.4156188964844,222.24755859375,173.52593994140625,0.4419246315956116
593,115,789.3549194335938,367.993896484375,170.64508056640625,141.18814086914062,0.6984688639640808
594,115,815.790283203125,384.2251281738281,144.209716796875,120.35552978515625,0.7345801591873169
595,115,836.4365844726562,396.5126037597656,123.56341552734375,109.51153564453125,0.7871251702308655
596,115,853.1583251953125,406.3566589355469,106.8416748046875,108.18252563476562,0.8132140636444092
658,135,838.2516479492188,216.5495147705078,121.74835205078125,59.96812438964844,0.8102999925613403
659,135,821.642333984375,212.10935974121094,128.42388916015625,61.27870178222656,0.7964833974838257
660,135,803.7943725585938,209.0515594482422,125.5802001953125,59.55189514160156,0.8722925186157227
660,137,64.83918762207031,115.83702850341797,30.48143768310547,19.435508728027344,0.3769599199295044
661,135,788.3621826171875,205.93917846679688,118.0057373046875,55.3941650390625,0.8289427757263184
661,137,65.64005279541016,115.24183654785156,31.241943359375,19.908599853515625,0.5874379277229309
662,135,771.99951171875,204.37179565429688,111.02130126953125,51.41242980957031,0.8505126237869263
662,137,65.92164611816406,115.42513275146484,32.09840393066406,20.445396423339844,0.6175953149795532
663,135,753.446044921875,200.83201599121094,112.22723388671875,51.42655944824219,0.759749710559845
663,137,66.81403350830078,116.22164916992188,32.409400939941406,20.66168212890625,0.6209509968757629
664,135,736.2059326171875,195.78785705566406,114.60272216796875,52.06159973144531,0.7897462248802185
664,137,67.7357177734375,116.8144760131836,32.317100524902344,20.596336364746094,0.5697376132011414
665,135,717.3050537109375,192.50099182128906,112.3575439453125,50.885009765625,0.7412211298942566
665,137,67.86459350585938,116.96692657470703,33.235130310058594,21.188026428222656,0.5288461446762085
666,135,702.87451171875,189.77540588378906,115.40472412109375,52.046051025390625,0.7330907583236694
666,137,68.10501098632812,117.07556915283203,34.020164489746094,21.679771423339844,0.4850415885448456
667,135,692.1030883789062,186.6180877685547,110.76580810546875,49.414794921875,0.7879348397254944
667,137,68.83354949951172,117.15666961669922,34.85435485839844,22.325782775878906,0.42676690220832825
668,135,677.8942260742188,183.97776794433594,108.8055419921875,48.11138916015625,0.8607807755470276
668,137,69.85185241699219,117.14678192138672,36.09089660644531,23.40882110595703,0.30912330746650696
669,135,664.7677612304688,182.0946044921875,106.96343994140625,46.84825134277344,0.8802812099456787
670,135,653.2820434570312,180.5405731201172,104.68994140625,45.35633850097656,0.8787826895713806
671,135,639.1475219726562,177.05056762695312,107.7894287109375,46.60009765625,0.8346603512763977
672,135,627.9979248046875,174.2567596435547,105.028564453125,45.18035888671875,0.8152387142181396
673,135,616.1409912109375,172.27488708496094,104.90069580078125,44.97502136230469,0.8298055529594421
674,135,604.6144409179688,170.3636474609375,103.15130615234375,44.109527587890625,0.8157535195350647
675,135,595.0005493164062,167.46974182128906,101.70941162109375,43.431182861328125,0.8494827151298523
676,135,585.4000244140625,164.75794982910156,98.32855224609375,41.823089599609375,0.8813077807426453
677,135,574.5245361328125,162.88247680664062,98.17462158203125,41.6220703125,0.846859872341156
678,135,563.9312133789062,161.47183227539062,96.79315185546875,41.04603576660156,0.8363300561904907
679,135,555.2831420898438,159.18238830566406,95.1846923828125,40.38127136230469,0.8585230112075806
680,135,546.5617065429688,157.38661193847656,93.438720703125,39.54969787597656,0.9252339005470276
681,135,536.9932861328125,155.33404541015625,92.91546630859375,39.386566162109375,0.9136950969696045
682,135,527.7726440429688,153.1097869873047,91.953857421875,39.06144714355469,0.8201621770858765
683,135,519.8366088867188,151.03350830078125,90.81732177734375,38.7691650390625,0.8253259658813477
683,138,135.97174072265625,310.86468505859375,43.305908203125,63.441070556640625,0.4129071831703186
684,135,511.899658203125,149.21771240234375,89.93426513671875,38.57441711425781,0.8377588391304016
684,138,138.37753295898438,313.7711486816406,43.176116943359375,63.342315673828125,0.2924322783946991
685,135,503.5024719238281,147.1316680908203,88.43063354492188,38.12519836425781,0.8950442671775818
686,135,496.6373291015625,145.53802490234375,86.635986328125,37.43495178222656,0.8964298963546753
686,138,141.6655731201172,312.4934387207031,46.91633605957031,68.81838989257812,0.3447352945804596
687,135,490.7657470703125,144.1858367919922,83.7872314453125,36.16691589355469,0.8565019965171814
687,138,146.5040283203125,320.0555114746094,43.81950378417969,64.09674072265625,0.39298635721206665
688,135,483.3038635253906,143.88851928710938,82.34371948242188,35.66914367675781,0.8647329807281494
688,138,149.48031616210938,325.6762390136719,42.702972412109375,62.362335205078125,0.30404427647590637
689,135,476.02227783203125,143.3018341064453,81.46539306640625,35.42779541015625,0.8669935464859009
689,138,152.02406311035156,330.30023193359375,41.6678466796875,60.837188720703125,0.3956325352191925
690,135,469.7318115234375,142.26258850097656,80.230712890625,34.835540771484375,0.847409188747406
690,138,155.29005432128906,335.4356689453125,40.71977233886719,58.933990478515625,0.31595152616500854
691,135,461.9730224609375,140.83889770507812,80.628662109375,35.238311767578125,0.8892010450363159
691,138,156.44869995117188,336.6506652832031,42.46173095703125,61.16339111328125,0.3781179189682007
692,135,455.4625244140625,139.4910125732422,78.2222900390625,34.153533935546875,0.8477176427841187
693,135,449.7159729003906,138.6898193359375,76.35916137695312,33.294281005859375,0.8762574791908264
694,135,444.14947509765625,138.4490203857422,73.290771484375,31.881515502929688,0.7461065053939819
694,138,159.6215362548828,335.16998291015625,48.22395324707031,69.97494506835938,0.32628506422042847
695,135,439.47857666015625,138.22117614746094,70.19247436523438,30.419082641601562,0.6682664155960083
696,135,434.3138732910156,137.99996948242188,67.81362915039062,29.219589233398438,0.5651981830596924
701,138,179.4192657470703,355.7693176269531,49.045867919921875,70.68722534179688,0.3187170624732971
704,138,190.95672607421875,363.3697509765625,50.200408935546875,72.77139282226562,0.3127671480178833
705,138,190.2061309814453,361.8447265625,54.06016540527344,78.96951293945312,0.30273541808128357
706,138,195.4480743408203,371.1106872558594,50.71083068847656,73.33380126953125,0.45889732241630554
706,135,378.57281494140625,123.64293670654297,67.03683471679688,29.756553649902344,0.6908044219017029
707,135,374.87060546875,121.5792236328125,66.09188842773438,30.016983032226562,0.7221972942352295
708,135,371.7729187011719,120.12905883789062,65.00070190429688,29.874649047851562,0.7102912664413452
708,138,207.05691528320312,381.5091857910156,47.626495361328125,70.1025390625,0.3747897744178772
709,135,369.8009338378906,120.041015625,62.453125,28.912063598632812,0.741590678691864
709,138,208.71070861816406,384.90631103515625,47.09623718261719,69.39401245117188,0.3697274625301361
710,135,366.57080078125,119.6704330444336,60.648773193359375,28.25782012939453,0.7115399837493896
711,135,361.48175048828125,119.30184173583984,60.507232666015625,28.38152313232422,0.5680962204933167
712,135,359.1404724121094,119.02152252197266,56.966522216796875,26.70221710205078,0.5301559567451477
713,135,355.6369934082031,118.8214111328125,56.017578125,26.198577880859375,0.4567606747150421
714,135,352.773681640625,118.01985168457031,55.3631591796875,25.832443237304688,0.36459794640541077
714,145,176.0662078857422,153.74839782714844,46.94697570800781,27.211639404296875,0.5298929810523987
715,135,348.85888671875,116.74031829833984,55.203094482421875,25.731895446777344,0.5659489631652832
715,145,176.61366271972656,153.9104766845703,49.35322570800781,28.623779296875,0.6849882006645203
716,135,344.8250732421875,116.3876953125,54.77471923828125,25.477630615234375,0.5538960099220276
716,145,175.97560119628906,153.6636199951172,52.336029052734375,30.366592407226562,0.699772834777832
717,135,340.8845520019531,115.81864929199219,53.306793212890625,24.785293579101562,0.5503770709037781
717,145,176.42054748535156,152.8902130126953,55.50587463378906,32.20143127441406,0.8145990371704102
718,135,337.90142822265625,115.90243530273438,51.280303955078125,23.723419189453125,0.610126793384552
718,145,177.41058349609375,152.51712036132812,58.70439147949219,34.078216552734375,0.8534974455833435
718,138,244.03802490234375,417.0697937011719,49.298126220703125,74.48199462890625,0.42557138204574585
719,135,335.5911865234375,116.31563568115234,48.803619384765625,22.38451385498047,0.43343010544776917
719,145,178.26893615722656,152.8032989501953,61.96760559082031,36.054901123046875,0.8670473694801331
719,138,240.24302673339844,413.3411560058594,54.96601867675781,82.66647338867188,0.5137916207313538
720,135,333.20684814453125,116.80094146728516,45.856231689453125,20.695411682128906,0.2864321172237396
720,145,179.2001495361328,152.7401123046875,65.43576049804688,38.20619201660156,0.9125121235847473
720,138,237.90676879882812,405.4363708496094,63.30780029296875,96.26181030273438,0.5216653347015381
721,145,181.0730743408203,152.8628692626953,67.57647705078125,39.70068359375,0.8595804572105408
722,145,183.485595703125,153.82350158691406,69.424072265625,40.99803161621094,0.8757453560829163
723,145,186.0989990234375,154.59388732910156,70.569580078125,41.99833679199219,0.8382986187934875
723,138,256.968994140625,429.6226806640625,57.237060546875,88.1256103515625,0.44777557253837585
724,145,188.65960693359375,154.95742797851562,71.34674072265625,42.776519775390625,0.8191905617713928
725,145,190.9903564453125,155.15721130371094,73.19232177734375,44.272613525390625,0.8510316610336304
726,145,193.322509765625,155.70391845703125,74.6956787109375,45.69586181640625,0.8089430928230286
727,145,196.71669006347656,155.9979705810547,75.71653747558594,46.82725524902344,0.821645975112915
728,145,201.3907012939453,157.84205627441406,74.33088684082031,46.35191345214844,0.8805263638496399
729,145,205.07351684570312,158.60020446777344,75.36422729492188,47.4547119140625,0.838504433631897
730,145,208.48971557617188,159.35220336914062,76.15576171875,48.29975891113281,0.8353562951087952
731,145,212.66656494140625,160.7855224609375,76.04638671875,48.549774169921875,0.8401804566383362
732,145,215.28097534179688,161.36915588378906,78.37506103515625,50.44696044921875,0.830900251865387
733,145,219.78997802734375,163.61721801757812,78.62942504882812,50.830718994140625,0.8159334659576416
734,145,223.08433532714844,164.85824584960938,79.77732849121094,52.08758544921875,0.8279350996017456
735,145,226.3761749267578,165.67135620117188,82.25825500488281,54.08660888671875,0.7716946601867676
736,145,231.13418579101562,167.8584747314453,81.187255859375,53.4078369140625,0.8175376057624817
737,145,234.9791259765625,169.5985870361328,82.7232666015625,54.53956604003906,0.7723969221115112
738,145,240.5828399658203,172.16014099121094,81.94227600097656,54.02238464355469,0.7705916166305542
739,145,244.54747009277344,172.92193603515625,84.26960754394531,55.78173828125,0.7454003691673279
740,145,249.24154663085938,174.3282012939453,85.4876708984375,56.640899658203125,0.7806308269500732
741,145,254.49603271484375,175.74310302734375,86.13720703125,57.150054931640625,0.815768301486969
742,145,257.9658508300781,177.2369384765625,89.25985717773438,59.31135559082031,0.8307237029075623
743,145,263.7449951171875,180.0801239013672,89.42440795898438,59.39122009277344,0.7229214906692505
744,145,268.4332580566406,181.81004333496094,91.60272216796875,60.93592834472656,0.7957954406738281
745,145,274.0217590332031,184.32269287109375,91.74334716796875,60.74607849121094,0.8230040073394775
746,145,278.2666320800781,185.11473083496094,96.343505859375,64.05540466308594,0.8513996005058289
747,145,285.69268798828125,188.67298889160156,96.167236328125,63.742401123046875,0.8547003865242004
748,145,292.2174987792969,191.3076171875,96.93359375,63.92979431152344,0.8416091799736023
749,145,297.6976318359375,194.04653930664062,99.95016479492188,65.7161865234375,0.8733339309692383
750,145,303.66229248046875,197.18588256835938,101.88333129882812,66.6287841796875,0.8914516568183899
751,145,309.292724609375,199.95777893066406,104.14971923828125,67.69468688964844,0.8687732815742493
752,145,316.63372802734375,203.33718872070312,106.51284790039062,68.84442138671875,0.8368384838104248
753,145,323.8131408691406,205.0248260498047,110.66607666015625,71.22407531738281,0.8690535426139832
754,145,330.50787353515625,207.59347534179688,113.20806884765625,72.72189331054688,0.8520922660827637
755,145,337.8977966308594,212.48617553710938,114.28475952148438,73.02285766601562,0.8216560482978821
756,145,346.610595703125,217.30917358398438,114.5897216796875,72.49285888671875,0.7976853847503662
757,145,354.0931396484375,221.31602478027344,117.68338012695312,73.77998352050781,0.8269591927528381
758,145,360.876953125,222.77401733398438,124.49630737304688,77.89401245117188,0.8473976254463196
759,145,368.9211120605469,224.66766357421875,128.54891967773438,80.17788696289062,0.8069389462471008
760,145,377.3436279296875,226.86964416503906,133.3614501953125,82.99562072753906,0.8135949373245239
761,145,386.8840637207031,230.53489685058594,136.22488403320312,84.33049011230469,0.7924370169639587
762,145,396.3597717285156,233.49253845214844,140.47805786132812,86.65992736816406,0.8276563882827759
763,145,405.8106689453125,237.0123291015625,144.5660400390625,88.87310791015625,0.810391902923584
764,145,416.02886962890625,242.16549682617188,147.21746826171875,89.914794921875,0.8235564827919006
765,145,427.76776123046875,246.50994873046875,150.96258544921875,91.69134521484375,0.8123984932899475
766,145,439.6101379394531,250.5876007080078,156.04458618164062,94.35130310058594,0.8786393404006958
767,145,451.1674499511719,254.7131805419922,160.38894653320312,96.59355163574219,0.8866589665412903
768,145,463.97430419921875,259.9350891113281,165.5673828125,99.17831420898438,0.830881655216217
769,145,473.9447326660156,264.77899169921875,168.62112426757812,100.93734741210938,0.8231315612792969
770,145,487.44781494140625,270.0148010253906,173.75421142578125,103.70120239257812,0.8403505682945251
771,145,484.38018798828125,274.0389404296875,214.3106689453125,130.57070922851562,0.5734059810638428
772,145,509.1432800292969,279.3882141113281,199.22732543945312,120.52487182617188,0.6399886012077332
773,145,529.1203002929688,283.9457702636719,196.285400390625,117.89398193359375,0.7784126996994019
774,145,546.082763671875,287.154541015625,200.0003662109375,119.59750366210938,0.8571004867553711
775,145,560.7778930664062,289.9239196777344,208.50665283203125,124.48654174804688,0.7293293476104736
776,145,573.216796875,290.1883544921875,222.7706298828125,133.441162109375,0.5430099964141846
777,145,582.3001098632812,290.03656005859375,235.62176513671875,143.19061279296875,0.27782368659973145
778,145,601.4816284179688,290.13287353515625,251.3046875,154.1422119140625,0.5699138641357422
779,145,614.83740234375,290.3133544921875,268.15838623046875,165.28823852539062,0.5992066860198975
780,145,624.1419067382812,290.1744689941406,287.6927490234375,177.73141479492188,0.5589484572410583
781,145,665.506591796875,315.6231384277344,267.99615478515625,163.67657470703125,0.7437072992324829
782,145,691.9300537109375,330.26141357421875,264.01611328125,160.8248291015625,0.8531159162521362
783,145,705.9425659179688,340.8017272949219,254.05743408203125,165.48974609375,0.7109545469284058
784,145,715.8251342773438,352.641845703125,244.17486572265625,172.24139404296875,0.5572319626808167
788,145,806.9279174804688,392.4857482910156,153.07208251953125,127.70803833007812,0.7038735747337341
848,158,40.106204986572266,55.00211715698242,33.96969223022461,17.65365219116211,0.41746675968170166
849,158,38.671180725097656,54.499881744384766,34.817543029785156,18.04677963256836,0.3106008470058441
850,158,38.97621536254883,54.81622314453125,34.55784225463867,17.85009765625,0.3060656487941742
852,158,39.06839370727539,55.65099334716797,34.074832916259766,17.54804229736328,0.26662200689315796
853,158,39.52963638305664,55.93000030517578,33.443180084228516,17.184959411621094,0.31821197271347046
855,158,38.79721450805664,56.36815643310547,33.73196029663086,17.244529724121094,0.30638739466667175
859,158,37.38710021972656,55.843719482421875,34.54383087158203,17.467559814453125,0.27946770191192627
863,158,40.05490493774414,58.51338195800781,32.282222747802734,16.538955688476562,0.3127126097679138
864,158,42.15789794921875,58.73679733276367,30.786163330078125,16.061847686767578,0.31122854351997375
866,158,41.000160217285156,59.320411682128906,30.617630004882812,16.077255249023438,0.2600424885749817
907,164,42.8875732421875,215.64576721191406,36.017478942871094,57.31437683105469,0.40339356660842896
908,164,40.19035339355469,218.27882385253906,35.44251251220703,56.56910705566406,0.29354429244995117
909,164,41.463748931884766,218.98414611816406,36.106502532958984,57.64179992675781,0.3232584595680237
911,164,41.372554779052734,220.76255798339844,36.38180160522461,58.58613586425781,0.2917552888393402
913,164,42.05685806274414,221.6312713623047,35.68851852416992,58.36985778808594,0.2894268035888672
948,168,56.52672576904297,270.5419006347656,34.512779235839844,51.889678955078125,0.43207600712776184
949,168,56.83963394165039,271.62335205078125,34.93556594848633,52.5335693359375,0.38968372344970703
950,168,59.00436782836914,275.5469055175781,32.840572357177734,49.480621337890625,0.27212464809417725
953,168,53.820919036865234,276.6500549316406,37.433109283447266,56.4703369140625,0.33163997530937195
957,168,50.3983268737793,283.8030090332031,36.365116119384766,54.44427490234375,0.43934181332588196
958,168,45.029178619384766,284.6205749511719,44.532344818115234,67.87615966796875,0.39871644973754883
959,168,45.536319732666016,285.76409912109375,42.04555130004883,64.00860595703125,0.32377415895462036
960,168,45.95249557495117,289.6842041015625,39.00798416137695,58.787261962890625,0.3317820131778717
964,168,39.36783981323242,297.07733154296875,37.35359573364258,53.921356201171875,0.28345274925231934
966,168,33.07099914550781,296.4256591796875,39.94025421142578,55.513702392578125,0.3397700786590576
967,168,29.581947326660156,293.0469665527344,43.76994323730469,59.09991455078125,0.3152208924293518
968,173,23.289287567138672,295.3800354003906,55.45125961303711,82.847412109375,0.3470785915851593
969,173,23.811262130737305,296.0662841796875,55.76080322265625,83.44668579101562,0.3143402934074402
973,173,25.69129180908203,323.155029296875,42.405372619628906,62.86920166015625,0.4295724034309387
