1,1,1.0,196.27,183.47,191.93,1,1,0.6178
1,2,171.73,215.47,180.2,122.6,1,1,0.1361
1,3,426.67,93.87,98.06,61.8,1,1,0.0
1,4,382.93,54.4,344.47,298.6,1,1,0.1268
1,6,617.6,26.67,59.67,47.93,1,1,1.0
2,1,1.0,202.67,171.95,187.24,1,1,0.5928
2,2,150.4,224.43,189.8,122.38,1,1,0.1109
2,3,420.69,96.0,98.92,63.08,1,1,0.0
2,4,389.6,53.6,340.73,292.2,1,1,0.0789
2,6,613.97,27.73,60.95,47.29,1,1,0.5469
3,1,1.0,209.07,160.43,182.54,1,1,0.5768
3,2,129.07,233.39,199.4,122.17,1,1,0.0957
3,3,414.72,98.13,99.77,64.36,1,1,0.0
3,4,396.27,52.8,337.0,285.8,1,1,0.0462
3,6,610.35,28.8,62.22,46.65,1,1,0.5144
4,1,1.0,215.47,148.91,177.85,1,1,0.5349
4,2,107.73,242.35,209.0,121.96,1,1,0.0476
4,3,408.75,100.27,100.62,65.64,1,1,0.0
4,4,402.93,52.0,333.27,279.4,1,1,0.0286
4,5,580.48,26.03,53.05,39.83,1,1,0.5434
4,6,606.72,29.87,63.51,46.01,1,1,0.481
5,1,1.0,221.87,137.39,173.16,1,1,0.5114
5,2,86.4,251.31,218.6,121.74,1,1,0.0389
5,3,402.77,102.4,101.48,66.92,1,1,0.0673
5,4,409.6,51.2,329.53,273.0,1,1,0.0029
5,5,577.71,25.81,54.76,40.68,1,1,0.531
5,6,603.09,30.93,64.79,45.37,1,1,0.4467
6,1,1.0,228.27,125.87,168.46,1,1,0.4653
6,2,65.07,260.27,228.2,121.53,1,1,0.0194
6,3,396.8,104.53,102.33,68.2,1,1,0.1401
6,4,416.11,50.24,325.05,268.95,1,1,0.0
6,5,574.93,25.6,56.47,41.53,1,1,0.5217
6,6,599.47,32.0,66.06,44.73,1,1,0.4078
7,1,1.0,230.61,113.49,156.1,1,1,0.547
7,2,52.48,270.08,218.6,126.23,1,1,0.0156
7,3,393.17,107.09,102.55,69.48,1,1,0.0921
7,4,422.61,49.28,320.58,264.89,1,1,0.0
7,5,571.31,28.16,56.89,42.39,1,1,0.527
7,6,596.69,34.35,67.56,45.16,1,1,0.3307
8,1,1.0,232.96,101.12,143.72,1,1,0.5856
8,2,39.89,279.89,209.0,130.92,1,1,0.0166
8,3,389.55,109.65,102.76,70.76,1,1,0.0063
8,4,429.12,48.32,316.09,260.84,1,1,0.0
8,5,567.68,30.72,57.32,43.24,1,1,0.5327
8,6,593.92,36.69,69.05,45.59,1,1,0.2551
9,1,1.0,235.31,88.75,131.34,1,1,0.5878
9,2,27.31,289.71,199.4,135.61,1,1,0.0227
9,3,385.92,112.21,102.97,72.04,1,1,0.0008
9,4,435.63,47.36,311.61,256.79,1,1,0.2693
9,5,564.05,33.28,57.75,44.09,1,1,0.5386
9,6,591.15,39.04,70.54,46.01,1,1,0.1808
10,1,1.0,237.65,76.37,118.98,1,1,0.6062
10,2,14.72,299.52,189.8,140.31,1,1,0.0319
10,3,382.29,114.77,103.19,73.32,1,1,0.0097
10,4,442.13,46.4,307.14,252.73,1,1,0.3114
10,5,560.43,35.84,58.17,44.95,1,1,0.5445
10,6,588.37,41.39,72.04,46.44,1,1,0.1079
11,1,1.0,240.0,64.0,106.6,1,1,0.6504
11,2,1.0,309.33,181.33,145.0,1,1,0.0375
11,3,378.67,117.33,103.4,74.6,1,1,0.0061
11,4,448.64,45.44,302.65,248.68,1,1,0.3451
11,5,556.8,38.4,58.6,45.8,1,1,0.5507
11,6,585.6,43.73,73.53,46.87,1,1,0.0364
12,2,1.0,316.16,161.71,139.03,1,1,0.0636
12,3,367.36,119.47,106.6,78.65,1,1,0.0127
12,4,455.15,44.48,298.17,244.63,1,1,0.311
12,5,552.75,39.25,57.53,44.73,1,1,0.5634
12,6,581.76,44.59,72.68,47.08,1,1,0.0
13,2,1.0,322.99,142.08,133.05,1,1,0.0897
13,3,356.05,121.6,109.8,82.71,1,1,0.0406
13,4,461.65,43.52,293.7,240.57,1,1,0.2706
13,5,548.69,40.11,56.47,43.67,1,1,0.5765
13,6,577.92,45.44,71.83,47.29,1,1,0.0
14,2,1.0,329.81,122.45,127.08,1,1,0.1066
14,3,344.75,123.73,113.0,86.76,1,1,0.1619
14,4,468.16,42.56,289.21,236.52,1,1,0.2456
14,5,544.64,40.96,55.4,42.6,1,1,0.5901
14,6,574.08,46.29,70.97,47.51,1,1,0.0
15,2,1.0,336.64,102.83,121.11,1,1,0.1415
15,3,333.44,125.87,116.2,90.81,1,1,0.2524
15,4,474.67,41.6,284.73,232.47,1,1,0.2283
15,5,540.59,41.81,54.33,41.53,1,1,0.6041
15,6,570.24,47.15,70.12,47.72,1,1,0.0
16,2,1.0,343.47,83.2,115.13,1,1,0.171
16,3,322.13,128.0,119.4,94.87,1,1,0.3384
16,4,480.64,40.0,281.0,229.8,1,1,0.2037
16,5,536.53,42.67,53.27,40.47,1,1,0.6186
16,6,566.4,48.0,69.27,47.93,1,1,0.0
16,7,710.4,1.0,56.47,40.53,1,1,0.8635
17,3,315.09,132.91,121.54,94.01,1,1,0.3931
17,4,486.61,38.4,277.27,227.13,1,1,0.1961
17,5,532.05,44.59,53.48,40.47,1,1,0.6353
17,6,563.2,49.71,68.2,48.15,1,1,0.0
17,7,708.69,1.0,56.9,40.53,1,1,0.8655
18,3,308.05,137.81,123.67,93.16,1,1,0.3786
18,4,492.59,36.8,273.53,224.47,1,1,0.1883
18,5,527.57,46.51,53.7,40.47,1,1,0.6519
18,6,560.0,51.41,67.13,48.36,1,1,0.0
18,7,706.99,1.0,57.32,40.53,1,1,0.8454
19,3,301.01,142.72,125.8,92.31,1,1,0.3578
19,4,498.56,35.2,269.8,221.8,1,1,0.1894
19,5,523.09,48.43,53.91,40.47,1,1,0.6688
19,6,556.8,53.12,66.07,48.57,1,1,0.0
19,7,705.28,1.0,57.75,40.53,1,1,0.835
20,3,293.97,147.63,127.94,91.45,1,1,0.3474
20,4,504.53,33.6,266.07,219.13,1,1,0.1813
20,5,518.61,50.35,54.12,40.47,1,1,0.6857
20,6,553.6,54.83,65.0,48.78,1,1,0.0
20,7,703.57,1.0,58.18,40.53,1,1,0.8043
21,3,286.93,152.53,130.07,90.6,1,1,0.3321
21,4,510.51,32.0,262.33,216.47,1,1,0.1731
21,5,514.13,52.27,54.34,40.47,1,1,0.7025
21,6,550.4,56.53,63.93,49.0,1,1,0.0
21,7,701.87,1.0,58.6,40.53,1,1,0.7648
22,3,278.19,154.67,132.84,91.45,1,1,0.315
22,4,516.48,30.4,258.6,213.8,1,1,0.1646
22,5,509.87,53.33,56.68,41.75,1,1,0.654
22,6,545.07,56.96,65.85,51.99,1,1,0.0
22,7,699.52,1.0,59.03,41.17,1,1,0.7141
23,3,269.44,156.8,135.61,92.31,1,1,0.353
23,4,522.45,28.8,254.87,211.13,1,1,0.157
23,5,505.6,54.4,59.03,43.03,1,1,0.6075
23,6,539.73,57.39,67.78,54.97,1,1,0.0
23,7,697.17,6.61,59.46,36.2,1,1,0.6129
24,3,260.69,158.93,138.39,93.16,1,1,0.35
24,4,528.43,27.2,251.13,208.47,1,1,0.1691
24,5,501.33,55.47,61.38,44.31,1,1,0.5632
24,6,534.4,57.81,69.69,57.96,1,1,0.0
24,7,694.83,7.25,59.88,36.2,1,1,0.551
25,3,251.95,161.07,141.16,94.01,1,1,0.3763
25,4,534.4,25.6,247.4,205.8,1,1,0.1593
25,5,497.07,56.53,63.72,45.59,1,1,0.5208
25,6,529.07,58.24,71.61,60.95,1,1,0.0744
25,7,692.48,7.89,60.31,36.2,1,1,0.4891
26,3,243.2,163.2,143.93,94.87,1,1,0.3731
26,4,539.2,24.75,244.73,203.13,1,1,0.1655
26,5,492.8,57.6,66.07,46.87,1,1,0.4802
26,6,523.73,58.67,73.54,63.93,1,1,0.2104
26,7,690.13,8.53,60.74,36.2,1,1,0.4479
27,3,233.6,167.04,144.57,97.43,1,1,0.355
27,4,544.0,23.89,242.07,200.47,1,1,0.1508
27,5,488.11,58.88,65.85,46.23,1,1,0.4972
27,6,519.25,61.01,73.11,63.3,1,1,0.3385
27,7,688.85,9.39,59.88,37.27,1,1,0.3893
28,3,224.0,170.88,145.21,99.99,1,1,0.3259
28,4,548.8,23.04,239.4,197.8,1,1,0.1658
28,5,483.41,60.16,65.64,45.59,1,1,0.5144
28,6,514.77,63.36,72.68,62.65,1,1,0.4682
28,7,687.57,10.24,59.03,38.33,1,1,0.3339
29,3,214.4,174.72,145.85,102.55,1,1,0.665
29,4,553.6,22.19,236.73,195.13,1,1,0.1749
29,5,478.72,61.44,65.43,44.95,1,1,0.5316
29,6,510.29,65.71,72.26,62.01,1,1,0.5994
29,7,686.29,11.09,58.18,39.4,1,1,0.2816
30,3,204.8,178.56,146.49,105.11,1,1,0.6522
30,4,558.4,21.33,234.07,192.47,1,1,0.1947
30,5,474.03,62.72,65.21,44.31,1,1,0.549
30,6,505.81,68.05,71.83,61.38,1,1,0.7321
30,7,685.01,11.95,57.32,40.47,1,1,0.2319
31,3,195.2,182.4,147.13,107.67,1,1,0.6166
31,4,563.2,20.48,231.4,189.8,1,1,0.215
31,5,469.33,64.0,65.0,43.67,1,1,0.5667
31,6,501.33,70.4,71.4,60.73,1,1,0.8665
31,7,683.73,12.8,56.47,41.53,1,1,0.1849
32,3,183.25,186.88,150.55,109.37,1,1,0.5976
32,4,568.0,19.63,228.73,187.13,1,1,0.2145
32,5,464.64,65.49,66.92,44.52,1,1,0.5446
32,6,495.36,72.53,74.81,62.02,1,1,0.9541
32,7,681.81,13.65,54.76,40.68,1,1,0.1469
33,3,171.31,191.36,153.96,111.08,1,1,0.6007
33,4,572.8,18.77,226.07,184.47,1,1,0.2248
33,5,459.95,66.99,68.84,45.37,1,1,0.5245
33,6,489.39,74.67,78.22,63.29,1,1,0.9695
33,7,679.89,14.51,53.06,39.83,1,1,0.1071
34,3,159.36,195.84,157.37,112.79,1,1,0.588
34,4,577.6,17.92,223.4,181.8,1,1,0.2244
34,5,455.25,68.48,70.76,46.23,1,1,0.5063
34,6,483.41,76.8,81.64,64.57,1,1,0.9562
34,7,677.97,15.36,51.35,38.97,1,1,0.0657
35,3,147.41,200.32,160.79,114.49,1,1,0.5765
35,4,582.4,17.07,220.73,179.13,1,1,0.2412
35,5,450.56,69.97,72.68,47.08,1,1,0.4898
35,6,477.44,78.93,85.05,65.86,1,1,0.9395
35,7,676.05,16.21,49.64,38.12,1,1,0.0224
36,3,135.47,204.8,164.2,116.2,1,1,0.5608
36,4,586.45,16.32,218.71,176.57,1,1,0.2539
36,5,445.87,71.47,74.6,47.93,1,1,0.4747
36,6,471.47,81.07,88.46,67.13,1,1,0.9074
36,7,674.13,17.07,47.94,37.27,1,1,0.0
37,3,119.89,209.28,171.24,120.68,1,1,0.4956
37,4,590.51,15.57,216.68,174.02,1,1,0.2447
37,5,439.04,73.81,76.52,48.36,1,1,0.4873
37,6,467.41,82.77,88.47,68.2,1,1,0.9047
37,7,671.15,17.92,50.06,37.48,1,1,0.0
38,3,104.32,213.76,178.28,125.16,1,1,0.4742
38,4,594.56,14.83,214.65,171.45,1,1,0.2291
38,5,432.21,76.16,78.44,48.79,1,1,0.4999
38,6,463.36,84.48,88.47,69.27,1,1,0.9062
38,7,668.16,18.77,52.2,37.69,1,1,0.0
39,3,88.75,218.24,185.32,129.64,1,1,0.4345
39,4,598.61,14.08,212.63,168.89,1,1,0.213
39,5,425.39,78.51,80.36,49.21,1,1,0.5123
39,6,459.31,86.19,88.46,70.33,1,1,0.8816
39,7,665.17,19.63,54.34,37.91,1,1,0.0
40,3,73.17,222.72,192.36,134.12,1,1,0.4179
40,4,602.67,13.33,210.6,166.34,1,1,0.1964
40,5,418.56,80.85,82.28,49.64,1,1,0.5245
40,6,455.25,87.89,88.47,71.4,1,1,0.8827
40,7,662.19,20.48,56.46,38.12,1,1,0.0
41,3,57.6,227.2,199.4,138.6,1,1,0.3794
41,4,606.72,12.59,208.57,163.77,1,1,0.1671
41,5,411.73,83.2,84.2,50.07,1,1,0.5367
41,6,451.2,89.6,88.47,72.47,1,1,0.8654
41,7,659.2,21.33,58.6,38.33,1,1,0.0
42,3,46.51,233.6,198.97,140.95,1,1,0.3565
42,4,610.77,11.84,206.55,161.21,1,1,0.174
42,5,407.04,85.12,84.63,50.92,1,1,0.507
42,6,443.95,91.52,91.45,73.32,1,1,0.8664
42,7,656.21,23.04,59.24,37.48,1,1,0.0
43,3,35.41,240.0,198.55,143.29,1,1,0.3251
43,4,614.83,11.09,204.52,158.66,1,1,0.1686
43,5,402.35,87.04,85.05,51.77,1,1,0.4775
43,6,436.69,93.44,94.44,74.17,1,1,0.8711
43,7,653.23,24.75,59.88,36.63,1,1,0.0
44,3,24.32,246.4,198.12,145.64,1,1,0.3131
44,4,618.88,10.35,202.49,156.09,1,1,0.163
44,5,397.65,88.96,85.48,52.63,1,1,0.4483
44,6,429.44,95.36,97.43,75.03,1,1,0.8564
44,7,650.24,26.45,60.52,35.77,1,1,0.0
45,3,13.23,252.8,197.69,147.99,1,1,0.3081
45,4,622.93,9.6,200.47,153.53,1,1,0.1572
45,5,392.96,90.88,85.91,53.48,1,1,0.4192
45,6,422.19,97.28,100.41,75.88,1,1,0.8533
45,7,647.25,28.16,61.16,34.92,1,1,0.0
46,3,1.0,259.2,198.4,150.33,1,1,0.3065
46,4,626.67,8.64,197.69,151.72,1,1,0.1672
46,5,388.27,92.8,86.33,54.33,1,1,0.357
46,6,414.93,99.2,103.4,76.73,1,1,0.8422
46,7,644.27,29.87,61.8,34.07,1,1,0.0
47,3,1.0,264.32,184.53,148.41,1,1,0.3135
47,4,630.4,7.68,194.92,149.91,1,1,0.1795
47,5,380.59,95.15,89.96,53.9,1,1,0.2533
47,6,407.89,101.76,105.54,76.95,1,1,0.8448
47,7,640.85,29.44,63.08,35.35,1,1,0.0
48,3,1.0,269.44,170.67,146.49,1,1,0.338
48,4,634.13,6.72,192.15,148.09,1,1,0.1964
48,5,372.91,97.49,93.58,53.48,1,1,0.187
48,6,400.85,104.32,107.67,77.16,1,1,0.842
48,7,637.44,29.01,64.36,36.63,1,1,0.0
49,3,1.0,274.56,156.8,144.57,1,1,0.3333
49,4,637.87,1.0,189.37,151.04,1,1,0.2386
49,5,365.23,99.84,97.21,53.05,1,1,0.1108
49,6,393.81,106.88,109.8,77.37,1,1,0.6119
49,7,634.03,28.59,65.64,37.91,1,1,0.0585
50,3,1.0,279.68,142.93,142.65,1,1,0.3573
50,4,641.6,1.0,186.6,148.27,1,1,0.2379
50,5,357.55,102.19,100.84,52.62,1,1,0.0911
50,6,386.77,109.44,111.94,77.59,1,1,0.0185
50,7,630.61,28.16,66.92,39.19,1,1,0.1642
51,3,1.0,284.8,129.07,140.73,1,1,0.3725
51,4,645.33,1.0,183.83,145.49,1,1,0.2672
51,5,349.87,104.53,104.46,52.2,1,1,0.1591
51,6,379.73,112.0,114.07,77.8,1,1,0.0024
51,7,627.2,27.73,68.2,40.47,1,1,0.2658
52,3,1.0,291.63,112.43,136.46,1,1,0.3916
52,4,649.07,1.0,181.05,142.72,1,1,0.2503
52,5,344.32,107.31,102.55,51.13,1,1,0.2227
52,6,370.13,115.84,115.99,79.29,1,1,0.0037
52,7,625.71,28.8,67.13,42.17,1,1,0.348
53,3,1.0,298.45,95.79,132.2,1,1,0.4113
53,4,652.8,1.0,178.28,139.95,1,1,0.2212
53,5,338.77,110.08,100.63,50.07,1,1,0.2719
53,6,360.53,119.68,117.91,80.79,1,1,0.004
53,7,624.21,29.87,66.07,43.88,1,1,0.4327
54,3,1.0,305.28,79.15,127.93,1,1,0.4366
54,4,656.53,1.0,175.51,137.17,1,1,0.2199
54,5,333.23,112.85,98.7,49.0,1,1,0.2852
54,6,350.93,123.52,119.83,82.28,1,1,0.0811
54,7,622.72,30.93,65.0,45.59,1,1,0.5202
55,3,1.0,312.11,62.51,123.66,1,1,0.4652
55,4,660.27,1.0,172.73,134.4,1,1,0.189
55,5,327.68,115.63,96.79,47.93,1,1,0.2606
55,6,341.33,127.36,121.75,83.77,1,1,0.1781
55,7,621.23,32.0,63.93,47.29,1,1,0.6107
56,3,1.0,318.93,45.87,119.4,1,1,0.4894
56,4,663.18,1.0,171.08,132.56,1,1,0.1928
56,5,322.13,118.4,94.87,46.87,1,1,0.2401
56,6,331.73,131.2,123.67,85.27,1,1,0.2551
56,7,619.73,33.07,62.87,49.0,1,1,0.6401
57,4,666.08,1.0,169.44,130.72,1,1,0.1968
57,5,315.09,120.11,94.87,48.36,1,1,0.1865
57,6,320.85,131.63,127.72,91.88,1,1,0.3287
57,7,615.04,34.77,66.28,48.57,1,1,0.8556
58,4,668.99,1.0,167.79,128.87,1,1,0.1852
58,5,308.05,121.81,94.87,49.86,1,1,0.1386
58,6,309.97,132.05,131.78,98.5,1,1,0.2487
58,7,610.35,36.48,69.69,48.15,1,1,0.7999
59,4,671.9,1.0,166.14,127.03,1,1,0.1734
59,5,301.01,123.52,94.87,51.35,1,1,0.1155
59,6,299.09,132.48,135.83,105.11,1,1,0.2173
59,7,605.65,38.19,73.11,47.72,1,1,0.7908
60,4,674.81,1.0,164.49,125.19,1,1,0.1613
60,5,293.97,125.23,94.87,52.84,1,1,0.1083
60,6,288.21,132.91,139.88,111.72,1,1,0.1782
60,7,600.96,39.89,76.52,47.29,1,1,0.7847
61,4,677.72,1.0,162.84,123.35,1,1,0.165
61,5,286.93,126.93,94.87,54.34,1,1,0.0973
61,6,277.33,133.33,143.94,118.34,1,1,0.1552
61,7,596.27,41.6,79.93,46.87,1,1,0.7229
62,4,680.63,1.0,161.19,121.5,1,1,0.1687
62,5,278.4,129.07,99.99,55.61,1,1,0.163
62,6,270.08,139.73,141.59,116.42,1,1,0.1192
62,7,592.85,41.6,81.86,48.15,1,1,0.7618
63,4,683.54,1.0,159.54,119.66,1,1,0.1727
63,5,269.87,131.2,105.1,56.89,1,1,0.2318
63,6,262.83,146.13,139.24,114.5,1,1,0.1233
63,7,589.44,41.6,83.77,49.43,1,1,0.75
64,4,686.45,1.0,157.9,117.82,1,1,0.1937
64,5,261.33,133.33,110.23,58.18,1,1,0.304
64,6,255.57,152.53,136.9,112.58,1,1,0.1209
64,7,586.03,41.6,85.69,50.71,1,1,0.7587
65,4,689.36,1.0,156.25,115.98,1,1,0.2154
65,5,252.8,135.47,115.35,59.45,1,1,0.3741
65,6,248.32,158.93,134.55,110.66,1,1,0.1298
65,7,582.61,41.6,87.62,51.99,1,1,0.7666
66,4,692.27,1.0,154.6,114.13,1,1,0.2202
66,5,244.27,137.6,120.46,60.73,1,1,0.451
66,6,241.07,165.33,132.2,108.74,1,1,0.0904
66,7,579.2,41.6,89.53,53.27,1,1,0.7459
67,4,694.88,1.0,153.34,112.29,1,1,0.2252
67,5,240.43,139.31,118.12,60.52,1,1,0.4688
67,6,229.12,167.68,133.48,109.59,1,1,0.5534
67,7,576.0,43.95,89.32,53.69,1,1,0.7446
68,4,697.5,1.0,152.08,110.45,1,1,0.2334
68,5,236.59,141.01,115.77,60.31,1,1,0.4831
68,6,217.17,170.03,134.76,110.44,1,1,0.5903
68,7,572.8,46.29,89.11,54.12,1,1,0.7047
69,4,700.12,1.0,150.82,108.61,1,1,0.2174
69,5,232.75,142.72,113.42,60.09,1,1,0.5153
69,6,205.23,172.37,136.04,111.3,1,1,0.6463
69,7,569.6,48.64,88.89,54.55,1,1,0.6855
70,4,702.74,1.0,149.56,106.76,1,1,0.2293
70,5,228.91,144.43,111.08,59.88,1,1,0.5476
70,6,193.28,174.72,137.32,112.15,1,1,0.6611
70,7,566.4,50.99,88.68,54.97,1,1,0.6501
71,4,705.36,1.0,148.29,104.92,1,1,0.2418
71,5,225.07,146.13,108.73,59.67,1,1,0.5799
71,6,181.33,177.07,138.6,113.0,1,1,0.6933
71,7,563.2,53.33,88.47,55.4,1,1,0.6424
72,4,707.98,1.0,147.03,103.08,1,1,0.2545
72,5,216.11,151.04,108.94,58.39,1,1,0.5883
72,6,163.84,182.19,148.41,116.2,1,1,0.6651
72,7,559.36,53.97,87.83,54.76,1,1,0.6832
73,4,710.59,1.0,145.78,101.24,1,1,0.2674
73,5,207.15,155.95,109.16,57.1,1,1,0.5977
73,6,146.35,187.31,158.22,119.4,1,1,0.6561
73,7,555.52,54.61,87.19,54.12,1,1,0.7342
74,4,713.21,1.0,144.52,99.39,1,1,0.2614
74,5,198.19,160.85,109.37,55.83,1,1,0.608
74,6,128.85,192.43,168.04,122.6,1,1,0.6361
74,7,551.68,55.25,86.55,53.48,1,1,0.773
75,4,715.83,1.0,143.25,97.55,1,1,0.2948
75,5,189.23,165.76,109.58,54.55,1,1,0.6193
75,6,111.36,197.55,177.85,125.8,1,1,0.6194
75,7,547.84,55.89,85.91,52.84,1,1,0.8128
76,4,718.45,1.0,141.99,95.71,1,1,0.326
76,5,180.27,170.67,109.8,53.26,1,1,0.6319
76,6,93.87,202.67,187.66,129.0,1,1,0.6038
76,7,544.0,56.53,85.27,52.2,1,1,0.8443
76,8,689.07,8.53,52.2,41.53,1,1,0.7989
77,4,721.07,1.0,140.73,93.87,1,1,0.3067
77,5,169.81,172.8,112.58,55.83,1,1,0.651
77,6,80.64,207.15,191.29,129.42,1,1,0.5897
77,7,541.01,57.6,85.91,53.05,1,1,0.8407
77,8,687.15,9.6,50.49,40.04,1,1,0.8749
78,4,723.78,1.0,139.57,92.22,1,1,0.2982
78,5,159.36,174.93,115.35,58.39,1,1,0.6684
78,6,67.41,211.63,194.92,129.85,1,1,0.6007
78,7,538.03,58.67,86.54,53.9,1,1,0.8123
78,8,685.23,10.67,48.78,38.55,1,1,0.8712
79,4,726.5,1.0,138.4,90.57,1,1,0.2835
79,5,148.91,177.07,118.12,60.94,1,1,0.6841
79,6,54.19,216.11,198.54,130.28,1,1,0.6061
79,7,535.04,59.73,87.19,54.76,1,1,0.7916
79,8,683.31,11.73,47.08,37.05,1,1,0.9074
80,4,729.21,1.0,137.24,88.92,1,1,0.2798
80,5,138.45,179.2,120.9,63.51,1,1,0.6984
80,6,40.96,220.59,202.17,130.7,1,1,0.6158
80,7,532.05,60.8,87.83,55.61,1,1,0.7895
80,8,681.39,12.8,45.37,35.56,1,1,0.9418
81,4,731.93,1.0,136.08,87.27,1,1,0.2642
81,5,128.0,181.33,123.67,66.07,1,1,0.7116
81,6,27.73,225.07,205.8,131.13,1,1,0.6228
81,7,529.07,61.87,88.46,56.46,1,1,0.7899
81,8,679.47,13.87,43.66,34.07,1,1,0.7329
81,9,711.47,12.8,36.2,40.47,1,1,0.2795
82,4,734.64,1.0,134.92,85.62,1,1,0.2811
82,5,117.97,185.81,124.31,65.64,1,1,0.7531
82,6,22.61,231.47,196.2,133.9,1,1,0.5921
82,7,523.95,62.72,89.53,56.89,1,1,0.8227
82,8,677.76,13.65,44.09,35.13,1,1,0.7083
82,9,708.91,13.87,39.4,40.68,1,1,0.2757
83,4,737.36,1.0,133.75,83.98,1,1,0.265
83,5,107.95,190.29,124.94,65.22,1,1,0.7919
83,6,17.49,237.87,186.6,136.68,1,1,0.5554
83,7,518.83,63.57,90.6,57.32,1,1,0.819
83,8,676.05,13.44,44.52,36.2,1,1,0.6938
83,9,706.35,14.93,42.6,40.89,1,1,0.2682
84,4,740.07,1.0,132.59,82.33,1,1,0.2823
84,5,97.92,194.77,125.59,64.79,1,1,0.8282
84,6,12.37,244.27,177.0,139.45,1,1,0.5227
84,7,513.71,64.43,91.66,57.74,1,1,0.8285
84,8,674.35,13.23,44.94,37.27,1,1,0.6808
84,9,703.79,16.0,45.8,41.11,1,1,0.2749
85,4,742.79,1.0,131.42,80.68,1,1,0.2657
85,5,87.89,199.25,126.23,64.36,1,1,0.8618
85,6,1.0,250.67,173.65,142.22,1,1,0.4932
85,7,508.59,65.28,92.73,58.17,1,1,0.8404
85,8,672.64,13.01,45.37,38.33,1,1,0.6693
85,9,701.23,17.07,49.0,41.32,1,1,0.236
86,4,745.5,1.0,130.26,79.03,1,1,0.3054
86,5,77.87,203.73,126.86,63.94,1,1,0.8928
86,6,1.0,257.07,158.93,145.0,1,1,0.4376
86,7,503.47,66.13,93.8,58.6,1,1,0.8454
86,8,670.93,12.8,45.8,39.4,1,1,0.6591
86,9,698.67,18.13,52.2,41.53,1,1,0.2275
87,4,748.22,1.0,129.1,77.38,1,1,0.2888
87,5,63.57,207.79,133.27,65.21,1,1,0.8832
87,6,1.0,260.27,142.29,143.08,1,1,0.4944
87,7,500.48,67.84,92.95,59.67,1,1,0.8448
87,8,669.01,13.65,46.66,39.4,1,1,0.6263
87,9,695.25,19.41,54.76,43.45,1,1,0.2021
88,4,750.93,1.0,127.94,75.73,1,1,0.307
88,5,49.28,211.84,139.67,66.49,1,1,0.8762
88,6,1.0,263.47,125.65,141.16,1,1,0.5177
88,7,497.49,69.55,92.1,60.73,1,1,0.8128
88,8,667.09,14.51,47.51,39.4,1,1,0.5962
88,9,691.84,20.69,57.32,45.37,1,1,0.1606
89,4,752.87,1.0,127.16,74.57,1,1,0.3044
89,5,34.99,215.89,146.06,67.78,1,1,0.8712
89,6,1.0,266.67,109.01,139.24,1,1,0.5595
89,7,494.51,71.25,91.24,61.8,1,1,0.8083
89,8,665.17,15.36,48.36,39.4,1,1,0.5681
89,9,688.43,21.97,59.88,47.29,1,1,0.1331
90,4,754.81,1.0,126.38,73.41,1,1,0.2886
90,5,20.69,219.95,152.47,69.05,1,1,0.8679
90,6,1.0,269.87,92.37,137.32,1,1,0.6054
90,7,491.52,72.96,90.39,62.87,1,1,0.7641
90,8,663.25,16.21,49.22,39.4,1,1,0.5418
90,9,685.01,23.25,62.44,49.21,1,1,0.157
91,4,756.75,1.0,125.61,72.24,1,1,0.3092
91,5,1.0,224.0,164.27,70.33,1,1,0.8606
91,6,1.0,273.07,75.73,135.4,1,1,0.6468
91,7,488.53,74.67,89.54,63.93,1,1,0.758
91,8,661.33,17.07,50.07,39.4,1,1,0.5176
91,9,681.6,24.53,65.0,51.13,1,1,0.1254
92,4,758.69,1.0,124.83,71.08,1,1,0.3064
92,5,1.0,226.77,154.67,75.24,1,1,1.0
92,7,483.63,76.59,91.02,65.21,1,1,0.7347
92,8,659.84,18.13,50.49,39.61,1,1,0.4766
92,9,677.55,25.81,65.85,50.92,1,1,0.1328
93,4,760.63,1.0,124.05,69.92,1,1,0.3272
93,5,1.0,229.55,145.07,80.14,1,1,1.0
93,7,478.72,78.51,92.52,66.49,1,1,0.7498
93,8,658.35,19.2,50.92,39.83,1,1,0.4366
93,9,673.49,27.09,66.71,50.71,1,1,0.1037
94,4,762.57,1.0,123.28,68.75,1,1,0.3246
94,5,1.0,232.32,135.47,85.05,1,1,1.0
94,7,473.81,80.43,94.02,67.77,1,1,0.707
94,8,656.85,20.27,51.35,40.04,1,1,0.398
94,9,669.44,28.37,67.56,50.49,1,1,0.1188
95,4,764.51,1.0,122.5,67.59,1,1,0.3457
95,5,1.0,235.09,125.87,89.96,1,1,1.0
95,7,468.91,82.35,95.5,69.05,1,1,0.716
95,8,655.36,21.33,51.77,40.25,1,1,0.3604
95,9,665.39,29.65,68.41,50.28,1,1,0.134
96,4,766.45,1.0,121.73,66.42,1,1,0.3569
96,5,1.0,237.87,116.27,94.86,1,1,1.0
96,7,464.0,84.27,97.0,70.33,1,1,0.6894
96,8,653.87,22.4,52.2,40.47,1,1,0.3236
96,9,661.33,30.93,69.27,50.07,1,1,0.1495
97,4,768.39,1.0,120.95,65.26,1,1,0.3782
97,5,1.0,242.77,104.75,90.6,1,1,1.0
97,7,458.67,86.4,97.85,68.41,1,1,0.7214
97,8,650.67,23.25,53.26,39.83,1,1,0.3184
97,9,656.43,32.64,70.97,50.71,1,1,0.1568
98,4,770.33,1.0,120.17,64.1,1,1,0.3997
98,5,1.0,247.68,93.23,86.33,1,1,1.0
98,7,453.33,88.53,98.71,66.5,1,1,0.7524
98,8,647.47,24.11,54.33,39.19,1,1,0.3164
98,9,651.52,34.35,72.68,51.35,1,1,0.1681
99,4,772.27,1.0,119.4,62.93,1,1,0.3978
99,5,1.0,252.59,81.71,82.06,1,1,1.0
99,7,448.0,90.67,99.56,64.57,1,1,0.8017
99,8,644.27,24.96,55.4,38.55,1,1,0.3179
99,9,646.61,36.05,74.39,51.99,1,1,0.1529
100,4,774.13,1.0,118.51,61.51,1,1,0.4161
100,5,1.0,257.49,70.19,77.8,1,1,1.0
100,7,442.67,92.8,100.41,62.65,1,1,0.8355
100,8,641.07,25.81,56.46,37.91,1,1,0.3229
100,9,641.71,37.76,76.09,52.63,1,1,0.1598
101,4,776.0,1.0,117.62,60.09,1,1,0.448
101,5,1.0,262.4,58.67,73.53,1,1,1.0
101,7,437.33,94.93,101.27,60.74,1,1,0.8614
101,8,637.87,26.67,57.53,37.27,1,1,0.3435
101,9,636.8,39.47,77.8,53.27,1,1,0.1731
101,10,707.2,1.0,55.4,38.4,1,1,0.7842
102,4,777.87,1.0,116.73,58.67,1,1,0.4432
102,7,430.08,96.43,103.19,62.65,1,1,0.8603
102,8,635.52,27.73,59.45,36.63,1,1,0.3669
102,9,631.89,41.17,79.08,53.69,1,1,0.1656
102,10,705.92,1.0,55.61,39.47,1,1,0.7524
103,4,779.73,1.0,115.85,57.24,1,1,0.4621
103,7,422.83,97.92,105.1,64.57,1,1,0.8478
103,8,633.17,28.8,61.38,35.99,1,1,0.3913
103,9,626.99,42.88,80.36,54.12,1,1,0.1826
103,10,704.64,6.4,55.83,35.13,1,1,0.7186
104,4,781.6,1.0,114.96,55.82,1,1,0.4814
104,7,415.57,99.41,107.03,66.5,1,1,0.8367
104,8,630.83,29.87,63.29,35.35,1,1,0.4165
104,9,622.08,44.59,81.64,54.55,1,1,0.1823
104,10,703.36,7.47,56.04,35.13,1,1,0.7049
105,4,783.47,1.0,114.06,54.4,1,1,0.4766
105,7,408.32,100.91,108.95,68.41,1,1,0.8611
105,8,628.48,30.93,65.21,34.71,1,1,0.4426
105,9,617.17,46.29,82.92,54.98,1,1,0.1897
105,10,702.08,8.53,56.25,35.13,1,1,0.7219
106,4,785.33,1.0,113.18,52.98,1,1,0.5338
106,7,401.07,102.4,110.86,70.33,1,1,0.848
106,8,626.13,32.0,67.14,34.07,1,1,0.4697
106,9,612.27,48.0,84.2,55.4,1,1,0.1877
106,10,700.8,9.6,56.47,35.13,1,1,0.7048
107,4,787.2,1.0,112.29,51.56,1,1,0.5433
107,7,397.44,104.53,110.01,68.84,1,1,0.8808
107,8,624.43,33.07,66.28,34.71,1,1,0.4795
107,9,607.36,49.71,85.27,55.61,1,1,0.1969
107,10,699.31,10.03,56.89,35.13,1,1,0.7091
108,4,789.07,1.0,111.4,50.13,1,1,0.5765
108,7,393.81,106.67,109.16,67.34,1,1,0.4662
108,8,622.72,34.13,65.43,35.35,1,1,0.4889
108,9,602.45,51.41,86.34,55.83,1,1,0.1939
108,10,697.81,10.45,57.32,35.13,1,1,0.7214
109,4,790.93,1.0,110.51,48.71,1,1,0.644
109,7,390.19,108.8,108.3,65.85,1,1,0.0182
109,8,621.01,35.2,64.58,35.99,1,1,0.5028
109,9,597.55,53.12,87.4,56.04,1,1,0.2011
109,10,696.32,10.88,57.75,35.13,1,1,0.6798
110,4,792.8,1.0,109.62,47.29,1,1,0.6759
110,7,386.56,110.93,107.45,64.36,1,1,0.0211
110,8,619.31,36.27,63.72,36.63,1,1,0.516
110,9,592.64,54.83,88.47,56.25,1,1,0.201
110,10,694.83,11.31,58.17,35.13,1,1,0.7345
111,4,794.67,1.0,108.73,45.87,1,1,0.719
111,7,382.93,113.07,106.6,62.86,1,1,0.0296
111,8,617.6,37.33,62.87,37.27,1,1,0.5281
111,9,587.73,56.53,89.54,56.47,1,1,0.2079
111,10,693.33,11.73,58.6,35.13,1,1,0.7384
112,4,796.59,1.0,107.34,45.33,1,1,0.5954
112,7,374.19,115.63,110.22,65.85,1,1,0.0129
112,8,615.47,37.97,63.08,37.69,1,1,0.5667
112,9,582.4,58.24,89.53,57.96,1,1,0.2029
112,10,692.05,12.16,58.82,35.13,1,1,0.7759
113,4,798.51,1.0,105.96,44.8,1,1,0.6449
113,7,365.44,118.19,113.85,68.84,1,1,0.0079
113,8,613.33,38.61,63.3,38.12,1,1,0.5931
113,9,577.07,59.95,89.53,59.45,1,1,0.251
113,10,690.77,12.59,59.03,35.13,1,1,0.7845
114,4,800.43,1.0,104.57,44.27,1,1,0.6769
114,7,356.69,120.75,117.48,71.82,1,1,0.0
114,8,611.2,39.25,63.51,38.55,1,1,0.6269
114,9,571.73,61.65,89.54,60.95,1,1,0.24
114,10,689.49,13.01,59.24,35.13,1,1,0.7461
115,4,802.35,1.0,103.18,43.73,1,1,0.7287
115,7,347.95,123.31,121.1,74.81,1,1,0.0919
115,8,609.07,39.89,63.72,38.97,1,1,0.6474
115,9,566.4,63.36,89.53,62.44,1,1,0.2345
115,10,688.21,13.44,59.46,35.13,1,1,0.7837
116,4,804.27,1.0,101.8,43.2,1,1,0.7627
116,7,339.2,125.87,124.73,77.8,1,1,0.1595
116,8,606.93,40.53,63.94,39.4,1,1,0.6829
116,9,561.07,65.07,89.53,63.93,1,1,0.2725
116,10,686.93,13.87,59.67,35.13,1,1,0.7954
117,4,806.19,1.0,100.41,42.67,1,1,0.7976
117,7,331.95,129.49,128.14,77.38,1,1,0.2085
117,8,602.88,41.81,65.0,39.83,1,1,0.7027
117,9,556.37,67.63,91.24,64.14,1,1,0.2602
117,10,684.8,14.93,59.67,35.35,1,1,0.7937
118,4,808.11,1.0,99.02,42.13,1,1,0.8532
118,7,324.69,133.12,131.56,76.95,1,1,0.2768
118,8,598.83,43.09,66.06,40.25,1,1,0.7162
118,9,551.68,70.19,92.95,64.36,1,1,0.2173
118,10,682.67,16.0,59.66,35.56,1,1,0.7997
119,4,810.03,1.0,97.64,41.6,1,1,0.8903
119,7,317.44,136.75,134.97,76.52,1,1,0.3177
119,8,594.77,44.37,67.14,40.68,1,1,0.7298
119,9,546.99,72.75,94.65,64.57,1,1,0.224
119,10,680.53,17.07,59.67,35.77,1,1,0.7761
120,4,811.95,1.0,96.25,41.07,1,1,0.9488
120,7,310.19,140.37,138.38,76.1,1,1,0.36
120,8,590.72,45.65,68.2,41.11,1,1,0.7451
120,9,542.29,75.31,96.36,64.78,1,1,0.1959
120,10,678.4,18.13,59.67,35.99,1,1,0.7442
121,4,813.87,1.0,94.86,40.53,1,1,0.9884
121,7,302.93,144.0,141.8,75.67,1,1,0.4078
121,8,586.67,46.93,69.26,41.53,1,1,0.7469
121,9,537.6,77.87,98.07,65.0,1,1,0.1955
121,10,676.27,19.2,59.66,36.2,1,1,0.7782
122,7,293.76,145.28,145.21,76.73,1,1,0.4749
122,8,583.47,47.36,71.18,43.24,1,1,0.922
122,9,532.48,80.21,97.43,65.86,1,1,0.179
122,10,675.63,19.63,58.81,37.27,1,1,0.7796
123,7,284.59,146.56,148.62,77.8,1,1,0.4954
123,8,580.27,47.79,73.1,44.95,1,1,0.9183
123,9,527.36,82.56,96.79,66.71,1,1,0.181
123,10,674.99,20.05,57.96,38.33,1,1,0.7422
124,7,275.41,147.84,152.04,78.87,1,1,0.534
124,8,577.07,48.21,75.02,46.65,1,1,0.9041
124,9,522.24,84.91,96.15,67.56,1,1,0.1938
124,10,674.35,20.48,57.1,39.4,1,1,0.7529
125,7,266.24,149.12,155.45,79.93,1,1,0.5613
125,8,573.87,48.64,76.94,48.36,1,1,0.8839
125,9,517.12,87.25,95.51,68.42,1,1,0.2325
125,10,673.71,20.91,56.25,40.47,1,1,0.7464
126,7,257.07,150.4,158.86,81.0,1,1,0.5745
126,8,570.67,49.07,78.86,50.07,1,1,0.8898
126,9,512.0,89.6,94.87,69.27,1,1,0.2368
126,10,673.07,21.33,55.4,41.53,1,1,0.7473
126,11,747.73,1.0,56.47,41.6,1,1,0.1722
127,7,250.88,153.6,157.59,82.71,1,1,0.5424
127,8,567.68,50.99,78.87,50.28,1,1,0.8845
127,9,504.11,91.95,96.36,69.9,1,1,0.2296
127,10,670.51,21.97,55.18,41.32,1,1,0.7961
127,11,746.45,6.4,56.26,37.27,1,1,0.1145
128,7,244.69,156.8,156.31,84.41,1,1,0.5408
128,8,564.69,52.91,78.87,50.49,1,1,0.8832
128,9,496.21,94.29,97.86,70.55,1,1,0.251
128,10,667.95,22.61,54.97,41.11,1,1,0.8451
128,11,745.17,7.47,56.04,37.27,1,1,0.1379
129,7,238.51,160.0,155.02,86.12,1,1,0.5033
129,8,561.71,54.83,78.86,50.7,1,1,0.8778
129,9,488.32,96.64,99.35,71.19,1,1,0.2769
129,10,665.39,23.25,54.76,40.89,1,1,0.8222
129,11,743.89,8.53,55.83,37.27,1,1,0.1065
130,7,232.32,163.2,153.75,87.83,1,1,0.497
130,8,558.72,56.75,78.87,50.92,1,1,0.8842
130,9,480.43,98.99,100.84,71.82,1,1,0.2945
130,10,662.83,23.89,54.54,40.68,1,1,0.8809
130,11,742.61,9.6,55.62,37.27,1,1,0.1181
131,7,226.13,166.4,152.47,89.53,1,1,0.4583
131,8,555.73,58.67,78.87,51.13,1,1,0.8566
131,9,472.53,101.33,102.34,72.47,1,1,0.2852
131,10,660.27,24.53,54.33,40.47,1,1,0.8869
131,11,741.33,10.67,55.4,37.27,1,1,0.1005
132,7,213.55,170.45,156.73,89.32,1,1,0.475
132,8,552.11,59.73,78.65,52.2,1,1,0.8651
132,9,464.64,103.68,103.61,76.95,1,1,0.2901
132,10,657.49,24.96,56.47,41.75,1,1,0.8912
132,11,739.2,11.31,54.55,36.84,1,1,0.2049
133,7,200.96,174.51,161.0,89.1,1,1,0.7989
133,8,548.48,60.8,78.44,53.27,1,1,0.8657
133,9,456.75,106.03,104.89,81.42,1,1,0.3042
133,10,654.72,25.39,58.6,43.03,1,1,0.8671
133,11,737.07,11.95,53.69,36.41,1,1,0.1807
134,7,188.37,178.56,165.27,88.89,1,1,0.8061
134,8,544.85,61.87,78.23,54.33,1,1,0.859
134,9,448.85,108.37,106.18,85.91,1,1,0.2831
134,10,651.95,25.81,60.73,44.31,1,1,0.839
134,11,734.93,12.59,52.84,35.99,1,1,0.2221
135,7,175.79,182.61,169.53,88.68,1,1,0.8105
135,8,541.23,62.93,78.01,55.4,1,1,0.8677
135,9,440.96,110.72,107.45,90.39,1,1,0.2879
135,10,649.17,26.24,62.87,45.59,1,1,0.8231
135,11,732.8,13.23,51.99,35.56,1,1,0.2641
136,7,163.2,186.67,173.8,88.46,1,1,0.8147
136,8,537.6,64.0,77.8,56.47,1,1,0.8688
136,9,433.07,113.07,108.73,94.86,1,1,0.2691
136,10,646.4,26.67,65.0,46.87,1,1,0.8474
136,11,730.67,13.87,51.13,35.13,1,1,0.2884
137,7,153.17,189.01,174.66,94.44,1,1,0.7916
137,8,533.55,65.28,78.44,56.04,1,1,0.8908
137,9,422.83,116.27,112.57,93.58,1,1,0.2851
137,10,644.48,27.31,64.15,47.29,1,1,0.8215
137,11,728.11,14.08,52.41,37.91,1,1,0.2617
138,7,143.15,191.36,175.5,100.41,1,1,0.7542
138,8,529.49,66.56,79.08,55.61,1,1,0.8951
138,9,412.59,119.47,116.41,92.3,1,1,0.2874
138,10,642.56,27.95,63.29,47.72,1,1,0.8517
138,11,725.55,14.29,53.69,40.68,1,1,0.2969
139,7,133.12,193.71,176.36,106.38,1,1,0.736
139,8,525.44,67.84,79.72,55.19,1,1,0.9011
139,9,402.35,122.67,120.25,91.02,1,1,0.2859
139,10,640.64,28.59,62.44,48.15,1,1,0.8481
139,11,722.99,14.51,54.97,43.45,1,1,0.278
140,7,123.09,196.05,177.22,112.36,1,1,0.7097
140,8,521.39,69.12,80.36,54.76,1,1,0.9085
140,9,392.11,125.87,124.09,89.74,1,1,0.0082
140,10,638.72,29.23,61.59,48.57,1,1,0.8294
140,11,720.43,14.72,56.25,46.23,1,1,0.244
141,7,113.07,198.4,178.06,118.33,1,1,0.685
141,8,517.33,70.4,81.0,54.33,1,1,0.9238
141,9,381.87,129.07,127.93,88.46,1,1,0.0175
141,10,636.8,29.87,60.73,49.0,1,1,0.8551
141,11,717.87,14.93,57.53,49.0,1,1,0.2734
142,7,101.12,203.73,182.76,113.64,1,1,0.6984
142,8,513.49,71.04,82.28,56.47,1,1,0.9039
142,9,371.84,131.41,131.56,91.88,1,1,0.0138
142,10,633.6,30.29,62.44,49.43,1,1,0.854
142,11,714.88,16.64,57.75,47.51,1,1,0.2539
143,7,89.17,209.07,187.46,108.94,1,1,0.7182
143,8,509.65,71.68,83.56,58.6,1,1,0.8836
143,9,361.81,133.76,135.19,95.29,1,1,0.0044
143,10,630.4,30.72,64.15,49.85,1,1,0.8517
143,11,711.89,18.35,57.96,46.01,1,1,0.2113
144,7,77.23,214.4,192.14,104.25,1,1,0.7498
144,8,505.81,72.32,84.84,60.73,1,1,0.8791
144,9,351.79,136.11,138.81,98.7,1,1,0.0015
144,10,627.2,31.15,65.85,50.28,1,1,0.8596
144,11,708.91,20.05,58.17,44.52,1,1,0.239
145,7,65.28,219.73,196.84,99.56,1,1,0.7695
145,8,501.97,72.96,86.12,62.87,1,1,0.8458
145,9,341.76,138.45,142.44,102.12,1,1,0.0017
145,10,624.0,31.57,67.56,50.71,1,1,0.8624
145,11,705.92,21.76,58.39,43.03,1,1,0.239
146,7,53.33,225.07,201.54,94.86,1,1,0.7866
146,8,498.13,73.6,87.4,65.0,1,1,0.8441
146,9,331.73,140.8,146.07,105.53,1,1,0.0132
146,10,620.8,32.0,69.27,51.13,1,1,0.8642
146,11,702.93,23.47,58.6,41.53,1,1,0.274
147,7,42.67,228.69,204.73,98.07,1,1,0.7741
147,8,494.08,76.37,86.97,63.3,1,1,0.8654
147,9,319.36,146.35,146.71,106.17,1,1,0.0044
147,10,618.45,32.85,68.84,50.28,1,1,0.8911
147,11,699.52,24.32,60.09,43.03,1,1,0.247
148,7,32.0,232.32,207.93,101.27,1,1,0.7483
148,8,490.03,79.15,86.54,61.58,1,1,0.8644
148,9,306.99,151.89,147.34,106.82,1,1,0.0079
148,10,616.11,33.71,68.41,49.43,1,1,0.898
148,11,696.11,25.17,61.58,44.52,1,1,0.2671
149,7,21.33,235.95,211.14,104.46,1,1,0.7225
149,8,485.97,81.92,86.12,59.88,1,1,0.8616
149,9,294.61,157.44,147.99,107.45,1,1,0.0052
149,10,613.76,34.56,67.99,48.57,1,1,0.9234
149,11,692.69,26.03,63.08,46.01,1,1,0.2167
150,7,1.0,239.57,224.0,107.67,1,1,0.7235
150,8,481.92,84.69,85.69,58.18,1,1,0.8816
150,9,282.24,162.99,148.63,108.09,1,1,0.0101
150,10,611.41,35.41,67.56,47.72,1,1,0.9285
150,11,689.28,26.88,64.57,47.51,1,1,0.201
151,7,1.0,243.2,216.53,110.87,1,1,0.6822
151,8,477.87,87.47,85.26,56.46,1,1,0.8842
151,9,269.87,168.53,149.26,108.74,1,1,0.0042
151,10,609.07,36.27,67.13,46.87,1,1,0.9479
151,11,685.87,27.73,66.06,49.0,1,1,0.2111
152,7,1.0,247.25,203.09,113.0,1,1,0.669
152,8,472.53,88.96,86.12,57.11,1,1,0.8868
152,9,257.71,172.37,151.61,110.02,1,1,0.004
152,10,605.65,38.19,68.2,46.44,1,1,0.9334
152,11,683.09,29.65,65.64,47.29,1,1,0.2296
153,7,1.0,251.31,189.65,115.13,1,1,0.655
153,8,467.2,90.45,86.97,57.75,1,1,0.8898
153,9,245.55,176.21,153.96,111.3,1,1,0.0108
153,10,602.24,40.11,69.27,46.01,1,1,0.9333
153,11,680.32,31.57,65.21,45.59,1,1,0.2385
154,7,1.0,255.36,176.21,117.27,1,1,0.651
154,8,461.87,91.95,87.82,58.38,1,1,0.9078
154,9,233.39,180.05,156.3,112.58,1,1,0.0083
154,10,598.83,42.03,70.33,45.59,1,1,0.9467
154,11,677.55,33.49,64.78,43.88,1,1,0.2079
155,7,1.0,259.41,162.77,119.4,1,1,0.6255
155,8,456.53,93.44,88.68,59.03,1,1,0.9088
155,9,221.23,183.89,158.65,113.86,1,1,0.0124
155,10,595.41,43.95,71.4,45.16,1,1,0.929
155,11,674.77,35.41,64.36,42.17,1,1,0.2341
156,7,1.0,263.47,149.33,121.53,1,1,0.6283
156,8,451.2,94.93,89.53,59.67,1,1,0.916
156,9,209.07,187.73,161.0,115.14,1,1,0.0081
156,10,592.0,45.87,72.47,44.73,1,1,0.9265
156,11,672.0,37.33,63.93,40.47,1,1,0.2142
157,7,1.0,266.45,139.73,117.91,1,1,0.6545
157,8,445.01,96.64,91.88,60.95,1,1,0.9173
157,9,193.28,193.92,166.76,117.05,1,1,0.2772
157,10,588.8,46.51,74.39,46.23,1,1,0.922
157,11,668.8,37.76,63.93,42.81,1,1,0.2535
158,7,1.0,269.44,130.13,114.28,1,1,0.7125
158,8,438.83,98.35,94.22,62.22,1,1,0.9011
158,9,177.49,200.11,172.52,118.97,1,1,0.2709
158,10,585.6,47.15,76.31,47.72,1,1,0.9014
158,11,665.6,38.19,63.93,45.16,1,1,0.2799
159,7,1.0,272.43,120.53,110.65,1,1,0.7387
159,8,432.64,100.05,96.57,63.51,1,1,0.8974
159,9,161.71,206.29,178.28,120.9,1,1,0.2485
159,10,582.4,47.79,78.23,49.21,1,1,0.8807
159,11,662.4,38.61,63.93,47.51,1,1,0.2397
160,7,1.0,275.41,110.93,107.03,1,1,0.767
160,8,426.45,101.76,98.92,64.79,1,1,0.8813
160,9,145.92,212.48,184.04,122.81,1,1,0.2268
160,10,579.2,48.43,80.15,50.71,1,1,0.862
160,11,659.2,39.04,63.93,49.85,1,1,0.2707
161,7,1.0,278.4,101.33,103.4,1,1,0.7987
161,8,420.27,103.47,101.26,66.06,1,1,0.8835
161,9,130.13,218.67,189.8,124.73,1,1,0.2223
161,10,576.0,49.07,82.07,52.2,1,1,0.8241
161,11,656.0,39.47,63.93,52.2,1,1,0.2912
162,7,1.0,284.16,88.32,99.77,1,1,0.8323
162,8,414.08,105.6,104.04,66.28,1,1,0.8537
162,9,110.93,223.79,196.84,126.44,1,1,0.2273
162,10,572.37,50.35,80.79,51.98,1,1,0.8461
162,11,651.09,41.17,65.43,51.99,1,1,0.2982
163,7,1.0,289.92,75.31,96.15,1,1,0.8528
163,8,407.89,107.73,106.82,66.5,1,1,0.8538
163,9,91.73,228.91,203.88,128.14,1,1,0.2307
163,10,568.75,51.63,79.5,51.77,1,1,0.8716
163,11,646.19,42.88,66.92,51.77,1,1,0.2546
164,7,1.0,295.68,62.29,92.52,1,1,0.9016
164,8,401.71,109.87,109.58,66.7,1,1,0.6932
164,9,72.53,234.03,210.92,129.85,1,1,0.2674
164,10,565.12,52.91,78.23,51.56,1,1,0.8899
164,11,641.28,44.59,68.41,51.56,1,1,0.3134
165,7,1.0,301.44,49.28,88.89,1,1,0.926
165,8,395.52,112.0,112.36,66.92,1,1,0.0638
165,9,53.33,239.15,217.96,131.56,1,1,0.2874
165,10,561.49,54.19,76.95,51.34,1,1,0.9111
165,11,636.37,46.29,69.91,51.35,1,1,0.2794
166,7,1.0,307.2,36.27,85.27,1,1,0.9534
166,8,389.33,114.13,115.14,67.14,1,1,0.0098
166,9,34.13,244.27,225.0,133.26,1,1,0.3165
166,10,557.87,55.47,75.66,51.13,1,1,0.915
166,11,631.47,48.0,71.4,51.13,1,1,0.2818
167,8,382.93,115.84,114.5,70.33,1,1,0.0153
167,9,27.31,250.88,217.96,136.68,1,1,0.2636
167,10,554.24,56.53,76.31,51.99,1,1,0.8849
167,11,626.77,50.13,72.9,51.56,1,1,0.3011
168,8,376.53,117.55,113.86,73.53,1,1,0.0072
168,9,20.48,257.49,210.92,140.1,1,1,0.2377
168,10,550.61,57.6,76.95,52.84,1,1,0.8682
168,11,622.08,52.27,74.39,51.98,1,1,0.2257
169,8,370.13,119.25,113.22,76.74,1,1,0.0128
169,9,13.65,264.11,203.88,143.5,1,1,0.2298
169,10,546.99,58.67,77.58,53.69,1,1,0.8337
169,11,617.39,54.4,75.88,52.41,1,1,0.2304
170,8,363.73,120.96,112.58,79.93,1,1,0.0154
170,9,1.0,270.72,202.67,146.92,1,1,0.2469
170,10,543.36,59.73,78.23,54.55,1,1,0.8177
170,11,612.69,56.53,77.38,52.84,1,1,0.1862
171,8,357.33,122.67,111.94,83.13,1,1,0.0263
171,9,1.0,277.33,188.8,150.34,1,1,0.2127
171,10,539.73,60.8,78.87,55.4,1,1,0.7941
171,11,608.0,58.67,78.87,53.26,1,1,0.1752
172,8,351.15,124.8,113.0,83.56,1,1,0.0916
172,9,1.0,283.73,170.88,146.07,1,1,0.2255
172,10,536.96,62.72,79.08,54.55,1,1,0.7835
172,11,603.73,60.37,78.87,55.19,1,1,0.1874
173,8,344.96,126.93,114.07,83.99,1,1,0.1432
173,9,1.0,290.13,152.96,141.8,1,1,0.2578
173,10,534.19,64.64,79.29,53.69,1,1,0.7645
173,11,599.47,62.08,78.86,57.11,1,1,0.1826
174,8,338.77,129.07,115.14,84.41,1,1,0.2151
174,9,1.0,296.53,135.04,137.54,1,1,0.2778
174,10,531.41,66.56,79.51,52.84,1,1,0.7614
174,11,595.2,63.79,78.87,59.02,1,1,0.1814
175,8,332.59,131.2,116.2,84.84,1,1,0.2601
175,9,1.0,302.93,117.12,133.27,1,1,0.2992
175,10,528.64,68.48,79.72,51.99,1,1,0.7362
175,11,590.93,65.49,78.87,60.95,1,1,0.1836
176,8,326.4,133.33,117.27,85.27,1,1,0.3147
176,9,1.0,309.33,99.2,129.0,1,1,0.3375
176,10,525.87,70.4,79.93,51.13,1,1,0.7288
176,11,586.67,67.2,78.86,62.87,1,1,0.1773
177,8,317.65,136.53,120.04,83.99,1,1,0.3585
177,10,521.17,71.04,80.15,52.41,1,1,0.723
177,11,581.97,68.91,80.15,62.22,1,1,0.1807
178,8,308.91,139.73,122.81,82.71,1,1,0.44
178,10,516.48,71.68,80.36,53.69,1,1,0.7243
178,11,577.28,70.61,81.43,61.59,1,1,0.1921
179,8,300.16,142.93,125.59,81.43,1,1,0.4892
179,10,511.79,72.32,80.57,54.97,1,1,0.7255
179,11,572.59,72.32,82.7,60.95,1,1,0.1662
180,8,291.41,146.13,128.36,80.15,1,1,0.5032
180,10,507.09,72.96,80.79,56.25,1,1,0.7312
180,11,567.89,74.03,83.99,60.3,1,1,0.1665
181,8,282.67,149.33,131.13,78.87,1,1,0.5176
181,10,502.4,73.6,81.0,57.53,1,1,0.7302
181,11,563.2,75.73,85.27,59.67,1,1,0.1865
182,8,274.13,152.75,132.42,79.5,1,1,0.5276
182,10,498.35,75.73,82.28,57.11,1,1,0.7217
182,11,558.51,78.08,86.76,60.52,1,1,0.1665
183,8,265.6,156.16,133.69,80.15,1,1,0.5288
183,10,494.29,77.87,83.56,56.68,1,1,0.7013
183,11,553.81,80.43,88.26,61.37,1,1,0.1253
184,8,257.07,159.57,134.97,80.79,1,1,0.5133
184,10,490.24,80.0,84.84,56.25,1,1,0.6878
184,11,549.12,82.77,89.75,62.23,1,1,0.1248
185,8,248.53,162.99,136.26,81.42,1,1,0.5159
185,10,486.19,82.13,86.12,55.83,1,1,0.6807
185,11,544.43,85.12,91.24,63.08,1,1,0.1471
186,8,240.0,166.4,137.53,82.07,1,1,0.5128
186,10,482.13,84.27,87.4,55.4,1,1,0.6787
186,11,539.73,87.47,92.74,63.93,1,1,0.111
187,8,229.33,168.96,140.52,83.56,1,1,0.5232
187,10,476.59,85.33,88.89,56.04,1,1,0.662
187,11,532.69,90.03,94.02,63.93,1,1,0.1247
188,8,218.67,171.52,143.5,85.05,1,1,0.8181
188,10,471.04,86.4,90.39,56.68,1,1,0.6474
188,11,525.65,92.59,95.3,63.93,1,1,0.1192
189,8,208.0,174.08,146.49,86.55,1,1,0.8237
189,10,465.49,87.47,91.88,57.32,1,1,0.6347
189,11,518.61,95.15,96.58,63.93,1,1,0.1414
190,8,197.33,176.64,149.48,88.04,1,1,0.8242
190,10,459.95,88.53,93.37,57.96,1,1,0.6236
190,11,511.57,97.71,97.86,63.93,1,1,0.1783
191,8,186.67,179.2,152.46,89.53,1,1,0.8345
191,10,454.4,89.6,94.87,58.6,1,1,0.6143
191,11,504.53,100.27,99.14,63.93,1,1,0.1579
192,8,176.85,182.61,155.46,89.96,1,1,0.8163
192,10,449.49,91.73,95.72,59.88,1,1,0.5903
192,11,497.07,102.83,100.84,63.08,1,1,0.1533
193,8,167.04,186.03,158.44,90.38,1,1,0.8198
193,10,444.59,93.87,96.57,61.16,1,1,0.5667
193,11,489.6,105.39,102.55,62.22,1,1,0.1835
194,8,157.23,189.44,161.42,90.81,1,1,0.8104
194,10,439.68,96.0,97.43,62.44,1,1,0.5437
194,11,482.13,107.95,104.26,61.37,1,1,0.169
195,8,147.41,192.85,164.42,91.24,1,1,0.8128
195,10,434.77,98.13,98.28,63.72,1,1,0.5214
195,11,474.67,110.51,105.96,60.52,1,1,0.2005
196,8,137.6,196.27,167.4,91.66,1,1,0.8103
196,10,429.87,100.27,99.13,65.0,1,1,0.4993
196,11,467.2,113.07,107.67,59.66,1,1,0.2196
197,8,127.36,200.75,169.96,93.16,1,1,0.7965
197,10,424.32,101.97,102.12,63.51,1,1,0.4851
197,11,458.88,116.05,111.72,63.08,1,1,0.1682
198,8,117.12,205.23,172.52,94.65,1,1,0.7717
198,10,418.77,103.68,105.11,62.01,1,1,0.4752
198,11,450.56,119.04,115.77,66.49,1,1,0.1427
199,8,106.88,209.71,175.08,96.14,1,1,0.75
199,10,413.23,105.39,108.09,60.52,1,1,0.4695
199,11,442.24,122.03,119.83,69.9,1,1,0.114
200,8,96.64,214.19,177.64,97.64,1,1,0.735
200,10,407.68,107.09,111.08,59.03,1,1,0.4681
200,11,433.92,125.01,123.88,73.32,1,1,0.0959
201,8,86.4,218.67,180.2,99.13,1,1,0.7255
201,10,402.13,108.8,114.07,57.53,1,1,0.4708
201,11,425.6,128.0,127.93,76.73,1,1,0.1108
202,8,74.03,222.08,183.4,101.05,1,1,0.7439
202,10,397.44,110.29,113.85,59.24,1,1,0.3042
202,11,418.56,131.41,127.93,75.03,1,1,0.1145
203,8,61.65,225.49,186.6,102.98,1,1,0.737
203,10,392.75,111.79,113.64,60.94,1,1,0.0034
203,11,411.52,134.83,127.93,73.32,1,1,0.1314
204,8,49.28,228.91,189.8,104.89,1,1,0.7273
204,10,388.05,113.28,113.43,62.65,1,1,0.0131
204,11,404.48,138.24,127.93,71.61,1,1,0.1084
205,8,36.91,232.32,193.0,106.81,1,1,0.733
205,10,383.36,114.77,113.21,64.36,1,1,0.0249
205,11,397.44,141.65,127.93,69.91,1,1,0.0202
206,8,24.53,235.73,196.2,108.74,1,1,0.7277
206,10,378.67,116.27,113.0,66.06,1,1,0.0026
206,11,390.4,145.07,127.93,68.2,1,1,0.0176
207,8,20.27,239.36,190.65,110.44,1,1,0.7173
207,10,370.56,117.97,116.84,66.28,1,1,0.002
207,11,378.67,147.84,132.62,72.89,1,1,0.0044
208,8,16.0,242.99,185.11,112.14,1,1,0.7115
208,10,362.45,119.68,120.68,66.49,1,1,0.0053
208,11,366.93,150.61,137.32,77.59,1,1,0.0078
209,8,1.0,246.61,190.29,113.86,1,1,0.7312
209,10,354.35,121.39,124.52,66.7,1,1,0.0265
209,11,355.2,153.39,142.01,82.28,1,1,0.0226
210,8,1.0,250.24,180.48,115.56,1,1,0.7034
210,10,346.24,123.09,128.36,66.92,1,1,0.0576
210,11,343.47,156.16,146.7,86.97,1,1,0.0051
211,8,1.0,253.87,170.67,117.26,1,1,0.7007
211,10,338.13,124.8,132.2,67.13,1,1,0.0916
211,11,331.73,158.93,151.4,91.67,1,1,0.0143
212,8,1.0,257.92,160.85,115.56,1,1,0.7041
212,10,332.8,127.57,131.56,66.71,1,1,0.1136
212,11,321.07,162.56,154.6,93.16,1,1,0.018
213,8,1.0,261.97,151.04,113.86,1,1,0.6927
213,10,327.47,130.35,130.92,66.28,1,1,0.1344
213,11,310.4,166.19,157.8,94.65,1,1,0.0
214,8,1.0,266.03,141.23,112.14,1,1,0.6951
214,10,322.13,133.12,130.28,65.85,1,1,0.1714
214,11,299.73,169.81,161.0,96.15,1,1,0.0036
215,8,1.0,270.08,131.41,110.44,1,1,0.7043
215,10,316.8,135.89,129.64,65.43,1,1,0.1924
215,11,289.07,173.44,164.2,97.64,1,1,0.0138
216,8,1.0,274.13,121.6,108.74,1,1,0.7323
216,10,311.47,138.67,129.0,65.0,1,1,0.2314
216,11,278.4,177.07,167.4,99.13,1,1,0.0094
216,12,695.47,6.4,51.13,38.33,1,1,1.0
217,8,1.0,279.89,111.15,102.76,1,1,0.7557
217,10,304.0,142.08,130.49,64.57,1,1,0.279
217,11,270.29,182.61,162.71,97.64,1,1,0.0
217,12,692.69,7.25,52.84,37.91,1,1,1.0
218,8,1.0,285.65,100.69,96.79,1,1,0.797
218,10,296.53,145.49,131.99,64.15,1,1,0.3346
218,11,262.19,188.16,158.01,96.15,1,1,0.0
218,12,689.92,8.11,54.55,37.48,1,1,1.0
219,8,1.0,291.41,90.24,90.82,1,1,0.8374
219,10,289.07,148.91,133.48,63.72,1,1,0.4022
219,11,254.08,193.71,153.32,94.65,1,1,0.0057
219,12,687.15,8.96,56.25,37.05,1,1,1.0
220,8,1.0,297.17,79.79,84.84,1,1,0.8676
220,10,281.6,152.32,134.97,63.29,1,1,0.4543
220,11,245.97,199.25,148.63,93.16,1,1,0.0083
220,12,684.37,9.81,57.96,36.63,1,1,1.0
221,8,1.0,302.93,69.33,78.87,1,1,0.9008
221,10,274.13,155.73,136.47,62.87,1,1,0.5155
221,11,237.87,204.8,143.93,91.67,1,1,0.014
221,12,681.6,10.67,59.67,36.2,1,1,1.0
222,10,266.88,157.44,137.11,64.15,1,1,0.5745
222,11,219.95,209.07,155.88,95.93,1,1,0.01
222,12,679.25,11.52,59.67,38.12,1,1,1.0
223,10,259.63,159.15,137.74,65.42,1,1,0.6333
223,11,202.03,213.33,167.82,100.2,1,1,0.1118
223,12,676.91,12.37,59.66,40.04,1,1,0.9954
224,10,252.37,160.85,138.39,66.71,1,1,0.6913
224,11,184.11,217.6,179.77,104.47,1,1,0.0996
224,12,674.56,13.23,59.67,41.96,1,1,0.9925
225,10,245.12,162.56,139.03,67.99,1,1,0.7227
225,11,166.19,221.87,191.72,108.73,1,1,0.0932
225,12,672.21,14.08,59.67,43.88,1,1,0.973
226,10,237.87,164.27,139.66,69.26,1,1,0.7635
226,11,148.27,226.13,203.66,113.0,1,1,0.0708
226,12,669.87,14.93,59.66,45.8,1,1,0.968
227,10,227.84,168.53,144.15,70.76,1,1,0.7165
227,11,135.25,232.32,204.31,114.28,1,1,0.0732
227,12,666.45,16.85,60.31,44.31,1,1,0.9799
228,10,217.81,172.8,148.63,72.25,1,1,0.8757
228,11,122.24,238.51,204.95,115.56,1,1,0.0657
228,12,663.04,18.77,60.95,42.81,1,1,0.9847
229,10,207.79,177.07,153.1,73.74,1,1,0.8629
229,11,109.23,244.69,205.58,116.84,1,1,0.0706
229,12,659.63,20.69,61.58,41.32,1,1,0.9858
230,10,197.76,181.33,157.59,75.24,1,1,0.8527
230,11,96.21,250.88,206.23,118.12,1,1,0.0603
230,12,656.21,22.61,62.23,39.83,1,1,0.9937
231,10,187.73,185.6,162.07,76.73,1,1,0.825
231,11,83.2,257.07,206.87,119.4,1,1,0.0617
231,12,652.8,24.53,62.87,38.33,1,1,0.9989
232,10,178.35,187.95,163.56,79.5,1,1,0.8708
232,11,66.77,262.83,210.92,122.17,1,1,0.0672
232,12,650.67,24.53,64.14,40.47,1,1,0.9921
233,10,168.96,190.29,165.05,82.28,1,1,0.8738
233,11,50.35,268.59,214.97,124.94,1,1,0.0809
233,12,648.53,24.53,65.43,42.6,1,1,0.9821
234,10,159.57,192.64,166.55,85.05,1,1,0.8769
234,11,33.92,274.35,219.03,127.72,1,1,0.0759
234,12,646.4,24.53,66.71,44.73,1,1,0.9695
235,10,150.19,194.99,168.04,87.82,1,1,0.8659
235,11,17.49,280.11,223.08,130.49,1,1,0.0626
235,12,644.27,24.53,67.98,46.87,1,1,0.9541
236,10,140.8,197.33,169.53,90.6,1,1,0.8538
236,11,1.0,285.87,227.2,133.26,1,1,0.0661
236,12,642.13,24.53,69.27,49.0,1,1,0.9496
237,10,131.84,199.25,171.67,93.59,1,1,0.8549
237,11,1.0,291.41,213.55,133.7,1,1,0.0843
237,12,638.72,25.81,68.63,48.57,1,1,0.9472
238,10,122.88,201.17,173.8,96.58,1,1,0.8485
238,11,1.0,296.96,199.89,134.12,1,1,0.0875
238,12,635.31,27.09,67.98,48.15,1,1,0.9636
239,10,113.92,203.09,175.93,99.56,1,1,0.8282
239,11,1.0,302.51,186.24,134.54,1,1,0.0919
239,12,631.89,28.37,67.35,47.72,1,1,0.9678
240,10,104.96,205.01,178.07,102.55,1,1,0.8313
240,11,1.0,308.05,172.59,134.98,1,1,0.1118
240,12,628.48,29.65,66.71,47.29,1,1,0.9796
241,10,96.0,206.93,180.2,105.54,1,1,0.8166
241,11,1.0,313.6,158.93,135.4,1,1,0.112
241,12,625.07,30.93,66.06,46.87,1,1,0.984
242,10,84.05,212.48,186.18,105.53,1,1,0.7934
242,11,1.0,321.71,141.87,129.85,1,1,0.1206
242,12,621.44,31.79,66.92,47.72,1,1,0.9838
243,10,72.11,218.03,192.14,105.53,1,1,0.7908
243,11,1.0,329.81,124.8,124.31,1,1,0.1212
243,12,617.81,32.64,67.78,48.57,1,1,0.9833
244,10,60.16,223.57,198.12,105.54,1,1,0.765
244,11,1.0,337.92,107.73,118.76,1,1,0.1267
244,12,614.19,33.49,68.62,49.43,1,1,0.9739
245,10,48.21,229.12,204.1,105.53,1,1,0.7453
245,11,1.0,346.03,90.67,113.21,1,1,0.1416
245,12,610.56,34.35,69.48,50.28,1,1,0.9734
246,10,36.27,234.67,210.06,105.53,1,1,0.7205
246,11,1.0,354.13,73.6,107.67,1,1,0.1407
246,12,606.93,35.2,70.34,51.13,1,1,0.9736
247,10,29.01,237.01,207.51,107.88,1,1,0.7241
247,12,604.59,36.91,69.9,51.35,1,1,0.9621
248,10,21.76,239.36,204.95,110.23,1,1,0.7207
248,12,602.24,38.61,69.48,51.56,1,1,0.9567
249,10,14.51,241.71,202.38,112.57,1,1,0.7112
249,12,599.89,40.32,69.06,51.77,1,1,0.9526
250,10,1.0,244.05,206.08,114.92,1,1,0.7284
250,12,597.55,42.03,68.62,51.99,1,1,0.9322
251,10,1.0,246.4,196.27,117.27,1,1,0.7252
251,12,595.2,43.73,68.2,52.2,1,1,0.9302
252,10,1.0,250.88,188.37,117.91,1,1,0.6957
252,12,590.72,44.59,69.69,52.41,1,1,0.9325
253,10,1.0,255.36,180.48,118.55,1,1,0.6671
253,12,586.24,45.44,71.19,52.63,1,1,0.9382
254,10,1.0,259.84,172.59,119.19,1,1,0.6415
254,12,581.76,46.29,72.68,52.84,1,1,0.9521
255,10,1.0,264.32,164.69,119.83,1,1,0.6068
255,12,577.28,47.15,74.17,53.05,1,1,0.9562
256,10,1.0,268.8,156.8,120.47,1,1,0.5396
256,12,572.8,48.0,75.67,53.27,1,1,0.9588
257,10,1.0,270.72,146.56,120.25,1,1,0.5606
257,12,568.75,49.49,76.73,53.48,1,1,0.9541
258,10,1.0,272.64,136.32,120.04,1,1,0.5809
258,12,564.69,50.99,77.8,53.69,1,1,0.9425
259,10,1.0,274.56,126.08,119.83,1,1,0.586
259,12,560.64,52.48,78.87,53.91,1,1,0.9438
260,10,1.0,276.48,115.84,119.61,1,1,0.621
260,12,556.59,53.97,79.93,54.12,1,1,0.9475
261,10,1.0,278.4,105.6,119.4,1,1,0.6418
261,12,552.53,55.47,81.0,54.33,1,1,0.9488
262,10,1.0,282.45,95.15,114.07,1,1,0.6858
262,12,549.97,56.75,80.58,54.33,1,1,0.9484
263,10,1.0,286.51,84.69,108.73,1,1,0.7527
263,12,547.41,58.03,80.15,54.33,1,1,0.95
264,10,1.0,290.56,74.24,103.4,1,1,0.7851
264,12,544.85,59.31,79.72,54.33,1,1,0.9614
265,10,1.0,294.61,63.79,98.07,1,1,0.8519
265,12,542.29,60.59,79.3,54.33,1,1,0.9565
266,10,1.0,298.67,53.33,92.73,1,1,0.908
266,12,539.73,61.87,78.87,54.33,1,1,0.9606
267,12,534.4,63.36,79.08,55.61,1,1,0.9612
268,12,529.07,64.85,79.29,56.9,1,1,0.9634
269,12,523.73,66.35,79.51,58.17,1,1,0.9522
270,12,518.4,67.84,79.72,59.45,1,1,0.9533
271,12,513.07,69.33,79.93,60.74,1,1,0.9481
272,12,509.87,71.04,78.65,60.52,1,1,0.9526
273,12,506.67,72.75,77.37,60.3,1,1,0.9528
274,12,503.47,74.45,76.09,60.1,1,1,0.9645
275,12,500.27,76.16,74.81,59.88,1,1,0.9529
276,12,497.07,77.87,73.53,59.66,1,1,0.9659
277,12,490.88,80.64,75.45,59.24,1,1,0.9506
278,12,484.69,83.41,77.38,58.82,1,1,0.9504
279,12,478.51,86.19,79.29,58.38,1,1,0.9502
280,12,472.32,88.96,81.21,57.96,1,1,0.9466
281,12,466.13,91.73,83.14,57.54,1,1,0.9471
282,12,459.95,92.8,88.04,60.09,1,1,0.91
283,12,453.76,93.87,92.95,62.65,1,1,0.8705
284,12,447.57,94.93,97.86,65.22,1,1,0.8369
285,12,441.39,96.0,102.76,67.77,1,1,0.7922
286,12,435.2,97.07,107.67,70.33,1,1,0.7746
287,12,430.72,98.56,108.09,69.69,1,1,0.7794
288,12,426.24,100.05,108.52,69.06,1,1,0.8027
289,12,421.76,101.55,108.95,68.41,1,1,0.8094
290,12,417.28,103.04,109.37,67.77,1,1,0.8305
291,12,412.8,104.53,109.8,67.14,1,1,0.873
292,12,407.68,106.67,109.37,67.13,1,1,0.8604
293,12,402.56,108.8,108.95,67.13,1,1,0.5859
294,12,397.44,110.93,108.52,67.14,1,1,0.1692
295,12,392.32,113.07,108.09,67.13,1,1,0.0139
296,12,387.2,115.2,107.67,67.13,1,1,0.0193
297,12,380.59,117.33,108.94,68.42,1,1,0.0255
298,12,373.97,119.47,110.23,69.69,1,1,0.0102
299,12,367.36,121.6,111.51,70.97,1,1,0.0113
300,12,360.75,123.73,112.78,72.26,1,1,0.0195
301,12,354.13,125.87,114.07,73.53,1,1,0.0757
302,12,350.51,127.79,112.57,73.53,1,1,0.1092
303,12,346.88,129.71,111.08,73.53,1,1,0.1602
304,12,343.25,131.63,109.59,73.53,1,1,0.1952
305,12,339.63,133.55,108.09,73.53,1,1,0.2377
306,12,336.0,135.47,106.6,73.53,1,1,0.268
307,12,326.61,137.81,111.72,73.32,1,1,0.3376
308,12,317.23,140.16,116.84,73.11,1,1,0.4025
309,12,307.84,142.51,121.96,72.89,1,1,0.4634
310,12,298.45,144.85,127.08,72.68,1,1,0.5311
311,12,289.07,147.2,132.2,72.47,1,1,0.5776
312,12,284.59,150.4,128.14,73.96,1,1,0.6197
313,12,280.11,153.6,124.09,75.45,1,1,0.6299
314,12,275.63,156.8,120.04,76.95,1,1,0.6346
315,12,271.15,160.0,115.98,78.44,1,1,0.5603
316,12,266.67,163.2,111.93,79.93,1,1,0.5355
317,12,259.2,164.91,115.99,81.21,1,1,0.5492
318,12,251.73,166.61,120.04,82.5,1,1,0.5527
319,12,244.27,168.32,124.09,83.77,1,1,0.5297
320,12,236.8,170.03,128.15,85.05,1,1,0.8378
321,12,229.33,171.73,132.2,86.34,1,1,0.8288
322,12,222.29,172.8,134.76,88.47,1,1,0.831
323,12,215.25,173.87,137.32,90.6,1,1,0.821
324,12,208.21,174.93,139.88,92.74,1,1,0.8268
325,12,201.17,176.0,142.44,94.87,1,1,0.8322
326,12,194.13,177.07,145.0,97.0,1,1,0.8232
327,12,190.08,180.05,144.36,95.51,1,1,0.8362
328,12,186.03,183.04,143.72,94.01,1,1,0.8463
329,12,181.97,186.03,143.08,92.52,1,1,0.8454
330,12,177.92,189.01,142.44,91.03,1,1,0.8463
331,12,173.87,192.0,141.8,89.53,1,1,0.8607
332,12,163.41,195.41,146.5,90.82,1,1,0.8355
333,12,152.96,198.83,151.19,92.09,1,1,0.8241
334,12,142.51,202.24,155.88,93.37,1,1,0.8259
335,12,132.05,205.65,160.58,94.66,1,1,0.7968
336,12,121.6,209.07,165.27,95.93,1,1,0.7961
337,12,111.57,211.84,169.96,95.51,1,1,0.8054
338,12,101.55,214.61,174.65,95.08,1,1,0.8116
339,12,91.52,217.39,179.35,94.65,1,1,0.8143
340,12,81.49,220.16,184.04,94.23,1,1,0.8207
341,12,71.47,222.93,188.73,93.8,1,1,0.8245
341,13,688.0,1.0,68.2,48.0,1,1,1.0
342,12,65.92,225.71,184.89,96.57,1,1,0.8087
342,13,686.08,1.0,66.92,48.64,1,1,1.0
343,12,60.37,228.48,181.06,99.35,1,1,0.8074
343,13,684.16,6.19,65.64,44.09,1,1,1.0
344,12,54.83,231.25,177.21,102.12,1,1,0.8051
344,13,682.24,6.61,64.36,44.31,1,1,1.0
345,12,49.28,234.03,173.37,104.89,1,1,0.786
345,13,680.32,7.04,63.08,44.52,1,1,1.0
346,12,43.73,236.8,169.54,107.67,1,1,0.7734
346,13,678.4,7.47,61.8,44.73,1,1,1.0
347,12,35.63,240.43,173.16,110.01,1,1,0.7437
347,13,676.05,7.89,62.44,45.59,1,1,1.0
348,12,27.52,244.05,176.79,112.36,1,1,0.7142
348,13,673.71,8.32,63.08,46.44,1,1,1.0
349,12,19.41,247.68,180.42,114.71,1,1,0.6789
349,13,671.36,8.75,63.72,47.29,1,1,1.0
350,12,1.0,251.31,194.35,117.05,1,1,0.6793
350,13,669.01,9.17,64.36,48.15,1,1,1.0
351,12,1.0,254.93,189.87,119.4,1,1,0.6347
351,13,666.67,9.6,65.0,49.0,1,1,1.0
352,12,1.0,257.28,180.48,118.33,1,1,0.6602
352,13,665.17,9.39,62.87,50.07,1,1,1.0
353,12,1.0,259.63,171.09,117.26,1,1,0.6651
353,13,663.68,9.17,60.73,51.13,1,1,1.0
354,12,1.0,261.97,161.71,116.2,1,1,0.6871
354,13,662.19,8.96,58.6,52.2,1,1,1.0
355,12,1.0,264.32,152.32,115.13,1,1,0.7122
355,13,660.69,8.75,56.47,53.27,1,1,1.0
356,12,1.0,266.67,142.93,114.06,1,1,0.7193
356,13,659.2,8.53,54.33,54.33,1,1,1.0
357,12,1.0,269.44,135.68,112.36,1,1,0.728
357,13,657.07,9.81,56.46,54.97,1,1,1.0
358,12,1.0,272.21,128.43,110.66,1,1,0.7255
358,13,654.93,11.09,58.6,55.61,1,1,1.0
359,12,1.0,274.99,121.17,108.94,1,1,0.7136
359,13,652.8,12.37,60.73,56.25,1,1,1.0
360,12,1.0,277.76,113.92,107.24,1,1,0.7353
360,13,650.67,13.65,62.86,56.89,1,1,1.0
361,12,1.0,280.53,106.67,105.54,1,1,0.7469
361,13,648.53,14.93,65.0,57.53,1,1,1.0
362,12,1.0,284.16,98.56,103.4,1,1,0.7962
362,13,645.12,15.57,65.85,58.6,1,1,1.0
363,12,1.0,287.79,90.45,101.26,1,1,0.8005
363,13,641.71,16.21,66.7,59.67,1,1,1.0
364,12,1.0,291.41,82.35,99.14,1,1,0.8081
364,13,638.29,16.85,67.56,60.73,1,1,1.0
365,12,1.0,295.04,74.24,97.0,1,1,0.8164
365,13,634.88,17.49,68.41,61.8,1,1,1.0
366,12,1.0,298.67,66.13,94.86,1,1,0.8427
366,13,631.47,18.13,69.26,62.87,1,1,1.0
367,13,629.12,19.84,70.55,61.16,1,1,1.0
368,13,626.77,21.55,71.83,59.45,1,1,1.0
369,13,624.43,23.25,73.1,57.75,1,1,1.0
370,13,622.08,24.96,74.39,56.04,1,1,1.0
371,13,619.73,26.67,75.67,54.33,1,1,1.0
372,13,617.17,26.88,74.6,54.97,1,1,1.0
373,13,614.61,27.09,73.54,55.61,1,1,1.0
374,13,612.05,27.31,72.47,56.25,1,1,1.0
375,13,609.49,27.52,71.4,56.89,1,1,1.0
376,13,606.93,27.73,70.34,57.53,1,1,1.0
377,13,604.37,28.8,70.55,58.6,1,1,1.0
378,13,601.81,29.87,70.76,59.67,1,1,1.0
379,13,599.25,30.93,70.98,60.73,1,1,1.0
380,13,596.69,32.0,71.19,61.8,1,1,1.0
381,13,594.13,33.07,71.4,62.87,1,1,1.0
382,13,591.15,34.56,72.46,61.37,1,1,1.0
383,13,588.16,36.05,73.53,59.88,1,1,1.0
384,13,585.17,37.55,74.6,58.39,1,1,1.0
385,13,582.19,39.04,75.66,56.89,1,1,1.0
386,13,579.2,40.53,76.73,55.4,1,1,1.0
387,13,576.21,42.03,76.74,55.4,1,1,1.0
388,13,573.23,43.52,76.73,55.4,1,1,1.0
389,13,570.24,45.01,76.73,55.4,1,1,1.0
390,13,567.25,46.51,76.74,55.4,1,1,1.0
391,13,564.27,48.0,76.73,55.4,1,1,1.0
392,13,560.85,47.79,77.59,58.38,1,1,1.0
393,13,557.44,47.57,78.44,61.38,1,1,1.0
394,13,554.03,47.36,79.29,64.36,1,1,1.0
395,13,550.61,47.15,80.15,67.34,1,1,1.0
396,13,547.2,46.93,81.0,70.34,1,1,1.0
397,13,543.36,48.0,82.28,69.27,1,1,1.0
398,13,539.52,49.07,83.56,68.2,1,1,1.0
399,13,535.68,50.13,84.84,67.14,1,1,1.0
400,13,531.84,51.2,86.12,66.07,1,1,1.0
401,13,528.0,52.27,87.4,65.0,1,1,1.0
402,13,524.8,53.12,88.68,66.49,1,1,1.0
403,13,521.6,53.97,89.96,67.99,1,1,1.0
404,13,518.4,54.83,91.24,69.48,1,1,1.0
405,13,515.2,55.68,92.52,70.97,1,1,1.0
406,13,512.0,56.53,93.8,72.47,1,1,1.0
407,13,508.37,58.45,94.66,71.62,1,1,1.0
408,13,504.75,60.37,95.5,70.76,1,1,1.0
409,13,501.12,62.29,96.36,69.91,1,1,1.0
410,13,497.49,64.21,97.22,69.06,1,1,1.0
411,13,493.87,66.13,98.06,68.2,1,1,1.0
412,13,490.03,67.2,99.34,68.41,1,1,1.0
413,13,486.19,68.27,100.62,68.62,1,1,1.0
414,13,482.35,69.33,101.9,68.84,1,1,1.0
415,13,478.51,70.4,103.18,69.05,1,1,1.0
416,13,474.67,71.47,104.46,69.26,1,1,1.0
417,13,470.83,72.11,104.25,69.26,1,1,1.0
418,13,466.99,72.75,104.04,69.26,1,1,1.0
419,13,463.15,73.39,103.82,69.26,1,1,1.0
420,13,459.31,74.03,103.61,69.26,1,1,1.0
421,13,455.47,74.67,103.4,69.26,1,1,1.0
422,13,452.69,76.37,103.62,69.27,1,1,1.0
423,13,449.92,78.08,103.83,69.27,1,1,1.0
424,13,447.15,79.79,104.04,69.26,1,1,1.0
425,13,444.37,81.49,104.26,69.27,1,1,1.0
426,13,441.6,83.2,104.47,69.27,1,1,1.0
427,13,437.97,83.63,104.68,70.12,1,1,1.0
428,13,434.35,84.05,104.89,70.98,1,1,1.0
429,13,430.72,84.48,105.11,71.83,1,1,1.0
430,13,427.09,84.91,105.32,72.68,1,1,1.0
431,13,423.47,85.33,105.53,73.54,1,1,1.0
432,13,417.49,85.55,108.31,75.45,1,1,1.0
433,13,411.52,85.76,111.08,77.37,1,1,1.0
434,13,405.55,85.97,113.85,79.3,1,1,1.0
435,13,399.57,86.19,116.63,81.21,1,1,1.0
436,13,393.6,86.4,119.4,83.13,1,1,0.9683
437,13,391.04,88.96,119.61,81.85,1,1,0.9441
438,13,388.48,91.52,119.83,80.57,1,1,0.8961
439,13,385.92,94.08,120.04,79.29,1,1,0.8756
440,13,383.36,96.64,120.25,78.01,1,1,0.8586
441,13,380.8,99.2,120.47,76.73,1,1,0.8439
442,13,375.04,98.77,121.32,78.02,1,1,0.7972
443,13,369.28,98.35,122.17,79.29,1,1,0.7483
444,13,363.52,97.92,123.03,80.57,1,1,0.6833
445,13,357.76,97.49,123.88,81.86,1,1,0.6405
446,13,352.0,97.07,124.73,83.13,1,1,0.6116
447,13,348.8,99.63,124.09,83.56,1,1,0.6238
448,13,345.6,102.19,123.45,83.98,1,1,0.6193
449,13,342.4,104.75,122.81,84.41,1,1,0.6343
450,13,339.2,107.31,122.17,84.84,1,1,0.6347
451,13,336.0,109.87,121.53,85.26,1,1,0.6309
452,13,330.67,112.0,124.52,85.27,1,1,0.6237
453,13,325.33,114.13,127.51,85.27,1,1,0.6331
454,13,320.0,116.27,130.49,85.26,1,1,0.6421
455,13,314.67,118.4,133.48,85.27,1,1,0.6507
456,13,309.33,120.53,136.47,85.27,1,1,0.6556
457,13,306.77,120.32,134.98,86.55,1,1,0.6518
458,13,304.21,120.11,133.48,87.82,1,1,0.6479
459,13,301.65,119.89,131.99,89.11,1,1,0.6444
460,13,299.09,119.68,130.5,90.39,1,1,0.6259
461,13,296.53,119.47,129.0,91.66,1,1,0.6229
462,13,291.63,121.81,130.92,91.03,1,1,0.6265
463,13,286.72,124.16,132.84,90.39,1,1,0.6161
464,13,281.81,126.51,134.76,89.74,1,1,0.6215
465,13,276.91,128.85,136.68,89.11,1,1,0.6317
466,13,272.0,131.2,138.6,88.47,1,1,0.641
467,13,267.73,130.99,139.67,90.6,1,1,0.6694
468,13,263.47,130.77,140.73,92.74,1,1,0.6918
469,13,259.2,130.56,141.8,94.87,1,1,0.7122
470,13,254.93,130.35,142.87,97.0,1,1,0.7364
471,13,250.67,130.13,143.93,99.14,1,1,0.7603
472,13,245.76,129.07,145.0,100.41,1,1,0.7908
473,13,240.85,128.0,146.07,101.69,1,1,0.817
474,13,235.95,126.93,147.13,102.98,1,1,0.8453
475,13,231.04,125.87,148.2,104.25,1,1,0.8585
476,13,226.13,124.8,149.27,105.53,1,1,0.8874
477,13,221.23,127.36,149.48,103.61,1,1,0.944
478,13,216.32,129.92,149.69,101.69,1,1,0.9799
479,13,211.41,132.48,149.91,99.77,1,1,0.9996
480,13,206.51,135.04,150.12,97.85,1,1,1.0
481,13,201.6,137.6,150.33,95.93,1,1,1.0
482,13,196.69,139.09,154.6,98.28,1,1,1.0
483,13,191.79,140.59,158.86,100.62,1,1,1.0
484,13,186.88,142.08,163.13,102.97,1,1,1.0
485,13,181.97,143.57,167.4,105.32,1,1,1.0
486,13,177.07,145.07,171.66,107.66,1,1,1.0
487,13,172.8,146.56,171.24,106.81,1,1,1.0
488,13,168.53,148.05,170.82,105.96,1,1,1.0
489,13,164.27,149.55,170.38,105.1,1,1,1.0
490,13,160.0,151.04,169.96,104.25,1,1,1.0
491,13,155.73,152.53,169.54,103.4,1,1,1.0
492,13,150.4,153.6,171.45,103.83,1,1,1.0
493,13,145.07,154.67,173.37,104.25,1,1,1.0
494,13,139.73,155.73,175.3,104.68,1,1,1.0
495,13,134.4,156.8,177.21,105.11,1,1,1.0
496,13,129.07,157.87,179.13,105.53,1,1,1.0
497,13,123.73,158.93,180.63,104.26,1,1,1.0
498,13,118.4,160.0,182.12,102.97,1,1,1.0
499,13,113.07,161.07,183.61,101.69,1,1,1.0
500,13,107.73,162.13,185.11,100.42,1,1,1.0
501,13,102.4,163.2,186.6,99.13,1,1,1.0
502,13,95.79,165.76,186.81,100.41,1,1,1.0
503,13,89.17,168.32,187.03,101.69,1,1,1.0
504,13,82.56,170.88,187.24,102.97,1,1,1.0
505,13,75.95,173.44,187.45,104.25,1,1,1.0
506,13,69.33,176.0,187.67,105.53,1,1,1.0
507,13,65.49,176.21,187.67,104.9,1,1,1.0
508,13,61.65,176.43,187.67,104.25,1,1,1.0
509,13,57.81,176.64,187.67,103.61,1,1,1.0
510,13,53.97,176.85,187.67,102.98,1,1,1.0
511,13,50.13,177.07,187.67,102.33,1,1,1.0
512,13,44.8,178.99,192.36,101.48,1,1,1.0
513,13,39.47,180.91,197.05,100.62,1,1,1.0
514,13,34.13,182.83,201.75,99.77,1,1,1.0
515,13,28.8,184.75,206.44,98.92,1,1,1.0
516,13,23.47,186.67,211.13,98.06,1,1,1.0
517,13,19.2,186.88,206.87,99.13,1,1,1.0
518,13,14.93,187.09,202.6,100.2,1,1,1.0
519,13,1.0,187.31,208.0,101.26,1,1,1.0
520,13,1.0,187.52,199.47,102.33,1,1,1.0
521,13,1.0,187.73,190.93,103.4,1,1,1.0
522,13,1.0,188.16,186.45,103.19,1,1,1.0
523,13,1.0,188.59,181.97,102.97,1,1,1.0
524,13,1.0,189.01,177.49,102.76,1,1,1.0
525,13,1.0,189.44,173.01,102.55,1,1,1.0
526,13,1.0,189.87,168.53,102.33,1,1,1.0
527,13,1.0,189.87,164.69,103.4,1,1,1.0
528,13,1.0,189.87,160.85,104.46,1,1,1.0
529,13,1.0,189.87,157.01,105.53,1,1,1.0
530,13,1.0,189.87,153.17,106.6,1,1,1.0
531,13,1.0,189.87,149.33,107.66,1,1,1.0
532,13,1.0,190.08,144.85,105.96,1,1,1.0
533,13,1.0,190.29,140.37,104.26,1,1,1.0
534,13,1.0,190.51,135.89,102.54,1,1,1.0
535,13,1.0,190.72,131.41,100.84,1,1,1.0
536,13,1.0,190.93,126.93,99.14,1,1,1.0
537,13,1.0,192.21,122.45,99.56,1,1,1.0
538,13,1.0,193.49,117.97,99.99,1,1,1.0
539,13,1.0,194.77,113.49,100.42,1,1,1.0
540,13,1.0,196.05,109.01,100.84,1,1,1.0
541,13,1.0,197.33,104.53,101.27,1,1,1.0
542,13,1.0,196.91,99.41,101.26,1,1,1.0
543,13,1.0,196.48,94.29,101.27,1,1,1.0
544,13,1.0,196.05,89.17,101.27,1,1,1.0
545,13,1.0,195.63,84.05,101.26,1,1,1.0
546,13,1.0,195.2,78.93,101.27,1,1,1.0
547,13,1.0,196.27,75.73,98.92,1,1,1.0
548,13,1.0,197.33,72.53,96.58,1,1,1.0
549,13,1.0,198.4,69.33,94.23,1,1,1.0
550,13,1.0,199.47,66.13,91.88,1,1,1.0
551,13,1.0,200.53,62.93,89.54,1,1,1.0
551,14,1.0,421.33,227.2,119.67,1,1,1.0
552,13,1.0,201.39,59.52,87.82,1,1,1.0
552,14,17.28,407.04,231.83,133.96,1,1,1.0
553,13,1.0,202.24,56.11,86.12,1,1,1.0
553,14,32.43,392.75,237.58,148.25,1,1,1.0
554,13,1.0,203.09,52.69,84.42,1,1,1.0
554,14,47.57,378.45,243.35,152.9,1,1,1.0
555,13,1.0,203.95,49.28,82.7,1,1,1.0
555,14,62.72,364.16,249.11,161.21,1,1,1.0
556,13,1.0,204.8,45.87,81.0,1,1,1.0
556,14,77.87,349.87,254.86,169.53,1,1,1.0
557,14,100.48,338.35,249.11,163.98,1,1,1.0
558,14,123.09,326.83,243.35,158.44,1,1,1.0
559,14,145.71,315.31,237.58,152.89,1,1,1.0
560,14,168.32,303.79,231.83,147.34,1,1,0.959
561,14,190.93,292.27,226.07,141.8,1,1,0.8629
562,14,216.32,284.37,219.67,137.96,1,1,0.7633
563,14,241.71,276.48,213.26,134.12,1,1,0.7421
564,14,267.09,268.59,206.87,130.28,1,1,0.7438
565,14,292.48,260.69,200.47,126.44,1,1,0.7259
566,14,317.87,252.8,194.06,122.6,1,1,0.7305
567,14,333.01,244.48,184.26,121.32,1,1,0.7124
568,14,348.16,236.16,174.44,120.04,1,1,0.6847
569,14,363.31,227.84,164.62,118.76,1,1,0.6785
570,14,378.45,219.52,154.82,117.48,1,1,0.6877
571,14,393.6,211.2,145.0,116.2,1,1,0.7884
572,14,406.61,206.51,144.58,112.78,1,1,0.8869
573,14,419.63,201.81,144.14,109.38,1,1,0.9964
574,14,432.64,197.12,143.72,105.96,1,1,1.0
575,14,445.65,192.43,143.3,102.54,1,1,1.0
576,14,458.67,187.73,142.86,99.14,1,1,1.0
577,14,469.55,180.69,139.88,100.84,1,1,1.0
578,14,480.43,173.65,136.89,102.55,1,1,1.0
579,14,491.31,166.61,133.9,104.26,1,1,1.0
580,14,502.19,159.57,130.92,105.96,1,1,1.0
581,14,513.07,152.53,127.93,107.67,1,1,1.0
582,14,521.6,149.55,126.01,104.04,1,1,1.0
583,14,530.13,146.56,124.1,100.41,1,1,1.0
584,14,538.67,143.57,122.17,96.79,1,1,1.0
585,14,547.2,140.59,120.25,93.16,1,1,1.0
586,14,555.73,137.6,118.34,89.53,1,1,1.0
587,14,563.84,133.97,117.05,89.54,1,1,1.0
588,14,571.95,130.35,115.77,89.53,1,1,1.0
589,14,580.05,126.72,114.5,89.53,1,1,1.0
590,14,588.16,123.09,113.21,89.54,1,1,1.0
591,14,596.27,119.47,111.93,89.53,1,1,1.0
591,15,711.47,1.0,46.86,40.53,1,1,1.0
592,14,602.67,117.33,110.65,86.98,1,1,1.0
592,15,709.55,1.0,47.5,41.81,1,1,1.0
593,14,609.07,115.2,109.37,84.41,1,1,1.0
593,15,707.63,6.19,48.14,37.91,1,1,1.0
594,14,615.47,113.07,108.09,81.85,1,1,1.0
594,15,705.71,7.68,48.78,37.69,1,1,1.0
595,14,621.87,110.93,106.81,79.3,1,1,1.0
595,15,703.79,9.17,49.42,37.48,1,1,1.0
596,14,628.27,108.8,105.53,76.73,1,1,1.0
596,15,701.87,10.67,50.06,37.27,1,1,1.0
597,14,634.88,105.81,102.97,75.46,1,1,1.0
597,15,699.73,10.45,50.07,37.27,1,1,1.0
598,14,641.49,102.83,100.42,74.17,1,1,1.0
598,15,697.6,10.24,50.07,37.27,1,1,1.0
599,14,648.11,99.84,97.85,72.89,1,1,1.0
599,15,695.47,10.03,50.06,37.27,1,1,1.0
600,14,654.72,96.85,95.29,71.62,1,1,1.0
600,15,693.33,9.81,50.07,37.27,1,1,1.0
601,14,661.33,93.87,92.74,70.33,1,1,1.0
601,15,691.2,9.6,50.07,37.27,1,1,1.0
602,14,666.45,91.31,93.8,69.9,1,1,1.0
602,15,689.28,10.24,50.49,38.12,1,1,1.0
603,14,671.57,88.75,94.87,69.48,1,1,1.0
603,15,687.36,10.88,50.92,38.97,1,1,1.0
604,14,676.69,86.19,95.94,69.05,1,1,1.0
604,15,685.44,11.52,51.35,39.83,1,1,1.0
605,14,681.81,83.63,97.0,68.62,1,1,1.0
605,15,683.52,12.16,51.77,40.68,1,1,1.0
606,14,686.93,81.07,98.07,68.2,1,1,1.0
606,15,681.6,12.8,52.2,41.53,1,1,1.0
607,14,691.84,79.36,92.95,65.85,1,1,1.0
607,15,678.61,14.08,52.2,40.89,1,1,1.0
608,14,696.75,77.65,87.82,63.51,1,1,1.0
608,15,675.63,15.36,52.2,40.25,1,1,1.0
609,14,701.65,75.95,82.71,61.16,1,1,1.0
609,15,672.64,16.64,52.2,39.61,1,1,1.0
610,14,706.56,74.24,77.59,58.81,1,1,1.0
610,15,669.65,17.92,52.2,38.97,1,1,1.0
611,14,711.47,72.53,72.46,56.47,1,1,1.0
611,15,666.67,19.2,52.2,38.33,1,1,1.0
612,14,714.67,70.61,74.17,55.83,1,1,1.0
612,15,663.47,19.2,53.05,38.97,1,1,1.0
613,14,717.87,68.69,75.88,55.19,1,1,1.0
613,15,660.27,19.2,53.9,39.61,1,1,1.0
614,14,721.07,66.77,77.58,54.55,1,1,1.0
614,15,657.07,19.2,54.76,40.25,1,1,1.0
615,14,724.27,64.85,79.29,53.91,1,1,1.0
615,15,653.87,19.2,55.61,40.89,1,1,1.0
616,14,727.47,62.93,81.0,53.27,1,1,1.0
616,15,650.67,19.2,56.46,41.53,1,1,1.0
617,14,732.37,60.16,79.08,53.69,1,1,1.0
617,15,647.47,20.27,57.74,42.39,1,1,1.0
618,14,737.28,57.39,77.16,54.12,1,1,1.0
618,15,644.27,21.33,59.02,43.24,1,1,1.0
619,14,742.19,54.61,75.24,54.55,1,1,1.0
619,15,641.07,22.4,60.3,44.09,1,1,1.0
620,14,747.09,51.84,73.32,54.97,1,1,1.0
620,15,637.87,23.47,61.58,44.95,1,1,1.0
621,14,752.0,49.07,71.4,55.4,1,1,1.0
621,15,634.67,24.53,62.86,45.8,1,1,1.0
622,14,754.13,47.79,72.47,54.76,1,1,1.0
622,15,632.32,25.17,62.01,46.87,1,1,1.0
623,14,756.27,46.51,73.53,54.12,1,1,1.0
623,15,629.97,25.81,61.16,47.93,1,1,1.0
624,14,758.4,45.23,74.6,53.48,1,1,1.0
624,15,627.63,26.45,60.3,49.0,1,1,1.0
625,14,760.53,43.95,75.67,52.84,1,1,1.0
625,15,625.28,27.09,59.45,50.07,1,1,1.0
626,14,762.67,42.67,76.73,52.2,1,1,1.0
626,15,622.93,27.73,58.6,51.13,1,1,1.0
627,14,766.08,42.03,75.03,50.71,1,1,1.0
627,15,619.73,29.01,59.46,50.07,1,1,1.0
628,14,769.49,41.39,73.32,49.21,1,1,1.0
628,15,616.53,30.29,60.31,49.0,1,1,1.0
629,14,772.91,40.75,71.61,47.72,1,1,1.0
629,15,613.33,31.57,61.16,47.93,1,1,1.0
630,14,776.32,40.11,69.91,46.23,1,1,1.0
630,15,610.13,32.85,62.02,46.87,1,1,1.0
631,14,779.73,39.47,68.2,44.73,1,1,1.0
631,15,606.93,34.13,62.87,45.8,1,1,1.0
632,14,782.51,37.12,68.41,45.16,1,1,1.0
632,15,603.52,34.56,64.15,47.08,1,1,1.0
633,14,785.28,34.77,68.63,45.59,1,1,1.0
633,15,600.11,34.99,65.42,48.36,1,1,1.0
634,14,788.05,32.43,68.84,46.01,1,1,1.0
634,15,596.69,35.41,66.71,49.64,1,1,1.0
635,14,790.83,30.08,69.05,46.44,1,1,1.0
635,15,593.28,35.84,67.99,50.92,1,1,1.0
636,14,793.6,27.73,69.27,46.87,1,1,1.0
636,15,589.87,36.27,69.26,52.2,1,1,1.0
637,14,794.88,26.24,68.41,47.08,1,1,1.0
637,15,586.67,37.97,69.69,51.13,1,1,1.0
638,14,796.16,24.75,67.56,47.29,1,1,1.0
638,15,583.47,39.68,70.12,50.07,1,1,1.0
639,14,797.44,23.25,66.71,47.51,1,1,1.0
639,15,580.27,41.39,70.54,49.0,1,1,1.0
640,14,798.72,21.76,65.85,47.72,1,1,1.0
640,15,577.07,43.09,70.97,47.93,1,1,1.0
641,14,800.0,20.27,65.0,47.93,1,1,1.0
641,15,573.87,44.8,71.4,46.87,1,1,1.0
642,14,803.84,20.05,63.72,46.44,1,1,1.0
642,15,569.6,45.87,71.61,47.29,1,1,1.0
643,14,807.68,19.84,62.44,44.95,1,1,1.0
643,15,565.33,46.93,71.83,47.72,1,1,1.0
644,14,811.52,19.63,61.16,43.45,1,1,1.0
644,15,561.07,48.0,72.04,48.15,1,1,1.0
645,14,815.36,19.41,59.88,41.96,1,1,1.0
645,15,556.8,49.07,72.25,48.57,1,1,1.0
646,14,819.2,19.2,58.6,40.47,1,1,1.0
646,15,552.53,50.13,72.47,49.0,1,1,1.0
647,14,821.12,18.56,58.39,39.83,1,1,1.0
647,15,549.97,51.63,72.47,49.64,1,1,1.0
648,14,823.04,17.92,58.17,39.19,1,1,1.0
648,15,547.41,53.12,72.47,50.28,1,1,1.0
649,14,824.96,17.28,57.96,38.55,1,1,1.0
649,15,544.85,54.61,72.47,50.92,1,1,1.0
650,14,826.88,16.64,57.75,37.91,1,1,1.0
650,15,542.29,56.11,72.47,51.56,1,1,1.0
651,14,828.8,16.0,57.53,37.27,1,1,1.0
651,15,539.73,57.6,72.47,52.2,1,1,1.0
652,14,831.36,14.72,56.47,37.05,1,1,1.0
652,15,537.39,58.24,70.76,53.05,1,1,1.0
653,14,833.92,13.44,55.4,36.84,1,1,1.0
653,15,535.04,58.88,69.05,53.91,1,1,1.0
654,14,836.48,12.16,54.33,36.63,1,1,1.0
654,15,532.69,59.52,67.35,54.76,1,1,1.0
655,14,839.04,10.88,53.27,36.41,1,1,1.0
655,15,530.35,60.16,65.64,55.61,1,1,1.0
656,14,841.6,9.6,52.2,36.2,1,1,1.0
656,15,528.0,60.8,63.93,56.47,1,1,1.0
657,14,842.67,8.75,52.41,35.99,1,1,1.0
657,15,523.09,61.87,66.07,56.89,1,1,1.0
658,14,843.73,7.89,52.63,35.77,1,1,1.0
658,15,518.19,62.93,68.2,57.32,1,1,1.0
659,14,844.8,7.04,52.84,35.56,1,1,1.0
659,15,513.28,64.0,70.33,57.75,1,1,1.0
660,14,845.87,6.19,53.05,35.35,1,1,1.0
660,15,508.37,65.07,72.47,58.17,1,1,1.0
661,14,846.93,1.0,53.27,39.47,1,1,1.0
661,15,503.47,66.13,74.6,58.6,1,1,1.0
662,15,500.48,67.41,75.67,60.1,1,1,1.0
663,15,497.49,68.69,76.74,61.59,1,1,1.0
664,15,494.51,69.97,77.8,63.08,1,1,1.0
665,15,491.52,71.25,78.87,64.58,1,1,1.0
666,15,488.53,72.53,79.94,66.07,1,1,1.0
667,15,484.69,73.6,79.51,65.43,1,1,1.0
668,15,480.85,74.67,79.08,64.78,1,1,1.0
669,15,477.01,75.73,78.66,64.15,1,1,1.0
670,15,473.17,76.8,78.23,63.51,1,1,1.0
671,15,469.33,77.87,77.8,62.86,1,1,1.0
672,15,464.43,79.36,81.21,62.44,1,1,1.0
673,15,459.52,80.85,84.63,62.02,1,1,1.0
674,15,454.61,82.35,88.04,61.58,1,1,1.0
675,15,449.71,83.84,91.45,61.16,1,1,1.0
676,15,444.8,85.33,94.87,60.74,1,1,1.0
677,15,440.53,86.61,93.8,61.59,1,1,1.0
678,15,436.27,87.89,92.73,62.44,1,1,1.0
679,15,432.0,89.17,91.67,63.3,1,1,1.0
680,15,427.73,90.45,90.6,64.15,1,1,1.0
681,15,423.47,91.73,89.53,65.0,1,1,1.0
682,15,419.84,93.01,89.32,64.36,1,1,1.0
683,15,416.21,94.29,89.11,63.72,1,1,1.0
684,15,412.59,95.57,88.89,63.08,1,1,1.0
685,15,408.96,96.85,88.68,62.44,1,1,1.0
686,15,405.33,98.13,88.47,61.8,1,1,1.0
687,15,400.21,99.63,91.24,62.65,1,1,0.9713
688,15,395.09,101.12,94.02,63.51,1,1,0.9056
689,15,389.97,102.61,96.79,64.36,1,1,0.8244
690,15,384.85,104.11,99.56,65.21,1,1,0.7901
691,15,379.73,105.6,102.34,66.07,1,1,0.7404
692,15,375.68,107.52,102.97,65.21,1,1,0.7012
693,15,371.63,109.44,103.61,64.36,1,1,0.6651
694,15,367.57,111.36,104.26,63.51,1,1,0.6297
695,15,363.52,113.28,104.89,62.65,1,1,0.5948
696,15,359.47,115.2,105.53,61.8,1,1,0.5791
697,15,354.77,116.48,107.03,63.51,1,1,0.5609
698,15,350.08,117.76,108.52,65.21,1,1,0.5685
699,15,345.39,119.04,110.01,66.92,1,1,0.5789
700,15,340.69,120.32,111.51,68.63,1,1,0.5785
701,15,336.0,121.6,113.0,70.33,1,1,0.5688
702,15,333.23,122.88,111.29,70.55,1,1,0.5694
703,15,330.45,124.16,109.59,70.76,1,1,0.5529
704,15,327.68,125.44,107.88,70.97,1,1,0.5494
705,15,324.91,126.72,106.17,71.19,1,1,0.5573
706,15,322.13,128.0,104.47,71.4,1,1,0.5717
707,15,316.16,129.28,105.32,72.47,1,1,0.5628
708,15,310.19,130.56,106.17,73.53,1,1,0.5385
709,15,304.21,131.84,107.03,74.6,1,1,0.5618
710,15,298.24,133.12,107.88,75.67,1,1,0.6324
711,15,292.27,134.4,108.73,76.73,1,1,0.6786
712,15,289.28,135.25,108.73,77.38,1,1,0.7085
713,15,286.29,136.11,108.74,78.01,1,1,0.7333
714,15,283.31,136.96,108.73,78.65,1,1,0.7655
715,15,280.32,137.81,108.73,79.3,1,1,0.7893
716,15,277.33,138.67,108.74,79.93,1,1,0.8338
717,15,272.0,140.16,111.29,79.29,1,1,0.866
718,15,266.67,141.65,113.85,78.66,1,1,0.8905
719,15,261.33,143.15,116.42,78.01,1,1,0.9415
720,15,256.0,144.64,118.97,77.37,1,1,0.9649
721,15,250.67,146.13,121.53,76.74,1,1,0.9861
722,15,247.68,148.05,123.24,78.23,1,1,0.9955
723,15,244.69,149.97,124.95,79.72,1,1,1.0
724,15,241.71,151.89,126.65,81.22,1,1,1.0
725,15,238.72,153.81,128.36,82.71,1,1,1.0
726,15,235.73,155.73,130.07,84.2,1,1,1.0
727,15,229.12,157.65,132.63,83.99,1,1,1.0
728,15,222.51,159.57,135.18,83.78,1,1,1.0
729,15,215.89,161.49,137.75,83.56,1,1,1.0
730,15,209.28,163.41,140.31,83.35,1,1,1.0
731,15,202.67,165.33,142.86,83.14,1,1,1.0
732,15,199.25,166.61,145.22,80.15,1,1,1.0
733,15,195.84,167.89,147.56,77.16,1,1,1.0
734,15,192.43,169.17,149.9,74.18,1,1,1.0
735,15,189.01,170.45,152.26,71.19,1,1,1.0
736,15,185.6,171.73,154.6,68.2,1,1,1.0
737,15,180.91,174.08,153.74,69.48,1,1,1.0
738,15,176.21,176.43,152.9,70.76,1,1,1.0
739,15,171.52,178.77,152.04,72.04,1,1,1.0
740,15,166.83,181.12,151.18,73.32,1,1,1.0
741,15,162.13,183.47,150.34,74.6,1,1,1.0
742,15,160.21,183.25,148.63,76.74,1,1,1.0
743,15,158.29,183.04,146.92,78.87,1,1,1.0
744,15,156.37,182.83,145.22,81.0,1,1,1.0
745,15,154.45,182.61,143.51,83.14,1,1,1.0
746,15,152.53,182.4,141.8,85.27,1,1,1.0
747,15,145.28,184.32,146.92,84.2,1,1,1.0
748,15,138.03,186.24,152.04,83.13,1,1,1.0
749,15,130.77,188.16,157.16,82.07,1,1,1.0
750,15,123.52,190.08,162.28,81.0,1,1,1.0
751,15,116.27,192.0,167.4,79.93,1,1,1.0
752,15,110.29,192.85,168.9,81.22,1,1,1.0
753,15,104.32,193.71,170.39,82.49,1,1,1.0
754,15,98.35,194.56,171.88,83.77,1,1,1.0
755,15,92.37,195.41,173.38,85.06,1,1,1.0
756,15,86.4,196.27,174.87,86.33,1,1,1.0
757,15,83.41,197.12,176.58,85.91,1,1,1.0
758,15,80.43,197.97,178.28,85.48,1,1,1.0
759,15,77.44,198.83,179.99,85.05,1,1,1.0
760,15,74.45,199.68,181.7,84.63,1,1,1.0
761,15,71.47,200.53,183.4,84.2,1,1,1.0
762,15,66.13,199.89,184.26,88.04,1,1,1.0
763,15,60.8,199.25,185.11,91.88,1,1,1.0
764,15,55.47,198.61,185.96,95.72,1,1,1.0
765,15,50.13,197.97,186.82,99.56,1,1,1.0
766,15,44.8,197.33,187.67,103.4,1,1,1.0
767,15,42.67,199.47,186.6,99.13,1,1,1.0
768,15,40.53,201.6,185.54,94.87,1,1,1.0
769,15,38.4,203.73,184.47,90.6,1,1,1.0
770,15,36.27,205.87,183.4,86.33,1,1,1.0
771,15,34.13,208.0,182.34,82.07,1,1,1.0
772,15,29.87,208.64,183.4,82.92,1,1,1.0
773,15,25.6,209.28,184.47,83.77,1,1,1.0
774,15,21.33,209.92,185.54,84.63,1,1,1.0
775,15,17.07,210.56,186.6,85.48,1,1,1.0
776,15,12.8,211.2,187.67,86.33,1,1,1.0
777,15,1.0,212.27,193.49,86.54,1,1,1.0
778,15,1.0,213.33,187.52,86.76,1,1,1.0
779,15,1.0,214.4,181.55,86.97,1,1,1.0
780,15,1.0,215.47,175.57,87.18,1,1,1.0
781,15,1.0,216.53,169.6,87.4,1,1,1.0
782,15,1.0,215.89,166.4,90.82,1,1,1.0
783,15,1.0,215.25,163.2,94.23,1,1,1.0
784,15,1.0,214.61,160.0,97.64,1,1,1.0
785,15,1.0,213.97,156.8,101.06,1,1,1.0
786,15,1.0,213.33,153.6,104.47,1,1,1.0
787,15,1.0,214.83,151.47,102.33,1,1,1.0
788,15,1.0,216.32,149.33,100.2,1,1,1.0
789,15,1.0,217.81,147.2,98.07,1,1,1.0
790,15,1.0,219.31,145.07,95.93,1,1,1.0
791,15,1.0,220.8,142.93,93.8,1,1,1.0
792,15,1.0,220.59,139.95,91.02,1,1,1.0
793,15,1.0,220.37,136.96,88.26,1,1,1.0
794,15,1.0,220.16,133.97,85.48,1,1,1.0
795,15,1.0,219.95,130.99,82.7,1,1,1.0
796,15,1.0,219.73,128.0,79.94,1,1,1.0
797,15,1.0,220.59,127.15,79.08,1,1,1.0
798,15,1.0,221.44,126.29,78.23,1,1,1.0
799,15,1.0,222.29,125.44,77.38,1,1,1.0
800,15,1.0,223.15,124.59,76.52,1,1,1.0
801,15,1.0,224.0,123.73,75.67,1,1,1.0
802,15,1.0,225.28,120.32,74.17,1,1,1.0
803,15,1.0,226.56,116.91,72.68,1,1,1.0
804,15,1.0,227.84,113.49,71.19,1,1,1.0
805,15,1.0,229.12,110.08,69.69,1,1,1.0
806,15,1.0,230.4,106.67,68.2,1,1,1.0
807,15,1.0,230.61,104.11,68.63,1,1,1.0
808,15,1.0,230.83,101.55,69.05,1,1,1.0
809,15,1.0,231.04,98.99,69.48,1,1,1.0
810,15,1.0,231.25,96.43,69.91,1,1,1.0
811,15,1.0,231.47,93.87,70.33,1,1,1.0
812,15,1.0,230.61,91.52,71.19,1,1,1.0
813,15,1.0,229.76,89.17,72.04,1,1,1.0
814,15,1.0,228.91,86.83,72.89,1,1,1.0
815,15,1.0,228.05,84.48,73.75,1,1,1.0
816,15,1.0,227.2,82.13,74.6,1,1,1.0
816,16,19.2,390.4,281.53,150.6,1,1,1.0
817,15,1.0,228.48,80.21,73.53,1,1,1.0
817,16,55.47,376.32,270.86,164.68,1,1,1.0
818,15,1.0,229.76,78.29,72.47,1,1,1.0
818,16,91.73,362.24,260.2,158.87,1,1,1.0
819,15,1.0,231.04,76.37,71.4,1,1,1.0
819,16,128.0,348.16,249.53,149.27,1,1,1.0
820,15,1.0,232.32,74.45,70.33,1,1,1.0
820,16,164.27,334.08,238.86,139.67,1,1,0.9948
821,15,1.0,233.6,72.53,69.27,1,1,1.0
821,16,200.53,320.0,228.2,130.07,1,1,0.8566
822,15,1.0,234.24,70.4,68.84,1,1,1.0
822,16,232.11,305.28,218.38,129.43,1,1,0.7587
823,15,1.0,234.88,68.27,68.41,1,1,1.0
823,16,263.68,290.56,208.57,128.79,1,1,0.7275
824,15,1.0,235.52,66.13,67.99,1,1,1.0
824,16,295.25,275.84,198.76,128.15,1,1,0.7136
825,15,1.0,236.16,64.0,67.56,1,1,1.0
825,16,326.83,261.12,188.94,127.51,1,1,0.7109
826,15,1.0,236.8,61.87,67.13,1,1,1.0
826,16,358.4,246.4,179.13,126.87,1,1,0.6936
827,15,1.0,237.01,58.88,67.35,1,1,1.0
827,16,378.24,237.44,173.37,120.04,1,1,0.6855
828,15,1.0,237.23,55.89,67.56,1,1,1.0
828,16,398.08,228.48,167.61,113.21,1,1,0.7929
829,15,1.0,237.44,52.91,67.77,1,1,1.0
829,16,417.92,219.52,161.85,106.39,1,1,0.9336
830,15,1.0,237.65,49.92,67.99,1,1,1.0
830,16,437.76,210.56,156.09,99.56,1,1,1.0
831,15,1.0,237.87,46.93,68.2,1,1,1.0
831,16,457.6,201.6,150.33,92.73,1,1,1.0
832,15,1.0,237.65,46.72,66.71,1,1,1.0
832,16,474.45,192.43,143.72,92.52,1,1,1.0
833,15,1.0,237.44,46.51,65.21,1,1,1.0
833,16,491.31,183.25,137.1,92.31,1,1,1.0
834,15,1.0,237.23,46.29,63.72,1,1,1.0
834,16,508.16,174.08,130.49,92.09,1,1,1.0
835,15,1.0,237.01,46.08,62.23,1,1,1.0
835,16,525.01,164.91,123.88,91.88,1,1,1.0
836,15,1.0,236.8,45.87,60.73,1,1,1.0
836,16,541.87,155.73,117.26,91.67,1,1,1.0
837,15,1.0,237.65,43.52,60.1,1,1,1.0
837,16,552.53,151.68,116.2,88.89,1,1,1.0
838,15,1.0,238.51,41.17,59.45,1,1,1.0
838,16,563.2,147.63,115.13,86.12,1,1,1.0
839,15,1.0,239.36,38.83,58.81,1,1,1.0
839,16,573.87,143.57,114.06,83.35,1,1,1.0
840,15,1.0,240.21,36.48,58.18,1,1,1.0
840,16,584.53,139.52,113.0,80.57,1,1,1.0
841,15,1.0,241.07,34.13,57.53,1,1,1.0
841,16,595.2,135.47,111.93,77.8,1,1,1.0
842,15,1.0,241.92,32.21,56.89,1,1,1.0
842,16,606.29,129.92,108.52,76.09,1,1,1.0
843,15,1.0,242.77,30.29,56.26,1,1,1.0
843,16,617.39,124.37,105.1,74.39,1,1,1.0
844,15,1.0,243.63,28.37,55.61,1,1,1.0
844,16,628.48,118.83,101.69,72.68,1,1,1.0
845,15,1.0,244.48,26.45,54.97,1,1,1.0
845,16,639.57,113.28,98.28,70.97,1,1,1.0
846,15,1.0,245.33,24.53,54.34,1,1,1.0
846,16,650.67,107.73,94.86,69.27,1,1,1.0
847,15,1.0,244.48,24.96,54.55,1,1,1.0
847,16,658.99,103.68,94.44,68.2,1,1,1.0
848,15,1.0,243.63,25.39,54.76,1,1,1.0
848,16,667.31,99.63,94.01,67.13,1,1,1.0
849,15,1.0,242.77,25.81,54.98,1,1,1.0
849,16,675.63,95.57,93.58,66.07,1,1,1.0
850,15,1.0,241.92,26.24,55.19,1,1,1.0
850,16,683.95,91.52,93.16,65.0,1,1,1.0
851,15,1.0,241.07,26.67,55.4,1,1,1.0
851,16,692.27,87.47,92.73,63.93,1,1,1.0
852,15,1.0,241.92,26.24,54.55,1,1,1.0
852,16,700.16,84.69,88.25,63.3,1,1,1.0
853,15,1.0,242.77,25.81,53.7,1,1,1.0
853,16,708.05,81.92,83.78,62.65,1,1,1.0
854,15,1.0,243.63,25.39,52.84,1,1,1.0
854,16,715.95,79.15,79.29,62.01,1,1,1.0
855,15,1.0,244.48,24.96,51.99,1,1,1.0
855,16,723.84,76.37,74.81,61.38,1,1,1.0
856,15,1.0,245.33,24.53,51.14,1,1,1.0
856,16,731.73,73.6,70.34,60.73,1,1,1.0
857,15,1.0,244.48,23.04,51.77,1,1,1.0
857,16,736.43,70.61,71.18,59.88,1,1,1.0
858,15,1.0,243.63,21.55,52.41,1,1,1.0
858,16,741.12,67.63,72.04,59.02,1,1,1.0
859,15,1.0,242.77,20.05,53.06,1,1,1.0
859,16,745.81,64.64,72.9,58.17,1,1,1.0
860,15,1.0,241.92,18.56,53.69,1,1,1.0
860,16,750.51,61.65,73.74,57.32,1,1,1.0
861,15,1.0,241.07,17.07,54.33,1,1,1.0
861,16,755.2,58.67,74.6,56.46,1,1,1.0
862,16,760.53,56.11,72.26,56.46,1,1,1.0
863,16,765.87,53.55,69.9,56.46,1,1,1.0
864,16,771.2,50.99,67.56,56.46,1,1,1.0
865,16,776.53,48.43,65.22,56.46,1,1,1.0
866,16,781.87,45.87,62.86,56.46,1,1,1.0
867,16,784.21,43.73,65.64,55.61,1,1,1.0
868,16,786.56,41.6,68.41,54.76,1,1,1.0
869,16,788.91,39.47,71.18,53.91,1,1,1.0
870,16,791.25,37.33,73.96,53.05,1,1,1.0
871,16,793.6,35.2,76.73,52.2,1,1,1.0
872,16,798.08,34.13,73.32,49.85,1,1,1.0
873,16,802.56,33.07,69.91,47.51,1,1,1.0
874,16,807.04,32.0,66.49,45.16,1,1,1.0
875,16,811.52,30.93,63.08,42.81,1,1,1.0
876,16,816.0,29.87,59.67,40.47,1,1,1.0
877,16,819.63,27.31,58.81,42.17,1,1,1.0
878,16,823.25,24.75,57.96,43.88,1,1,1.0
879,16,826.88,22.19,57.11,45.59,1,1,1.0
880,16,830.51,19.63,56.25,47.29,1,1,1.0
881,16,834.13,17.07,55.4,49.0,1,1,1.0
882,16,836.91,16.64,55.4,46.65,1,1,1.0
883,16,839.68,16.21,55.4,44.31,1,1,1.0
884,16,842.45,15.79,55.4,41.96,1,1,1.0
885,16,845.23,15.36,55.4,39.61,1,1,1.0
886,16,848.0,14.93,55.4,37.27,1,1,1.0
887,16,850.56,12.8,54.97,37.27,1,1,1.0
888,16,853.12,10.67,54.55,37.27,1,1,1.0
889,16,855.68,8.53,54.12,37.27,1,1,1.0
890,16,858.24,6.4,53.69,37.27,1,1,1.0
891,16,860.8,1.0,53.27,40.53,1,1,1.0
1096,17,44.8,474.67,269.8,66.33,1,1,1.0
1097,17,63.15,457.39,274.28,83.61,1,1,1.0
1098,17,81.49,440.11,278.76,100.89,1,1,1.0
1099,17,99.84,422.83,283.24,118.17,1,1,1.0
1100,17,118.19,405.55,287.72,135.45,1,1,0.9993
1101,17,136.53,388.27,292.2,152.73,1,1,0.9085
1102,17,164.69,375.89,279.83,165.11,1,1,0.841
1103,17,192.85,363.52,267.46,170.39,1,1,0.7726
1104,17,221.01,351.15,255.08,169.74,1,1,0.7621
1105,17,249.17,338.77,242.71,169.11,1,1,0.7505
1106,17,277.33,326.4,230.34,168.47,1,1,0.7352
1107,17,294.19,316.16,229.69,161.43,1,1,0.7354
1108,17,311.04,305.92,229.05,154.39,1,1,0.7425
1109,17,327.89,295.68,228.42,147.35,1,1,0.7511
1110,17,344.75,285.44,227.77,140.31,1,1,0.7608
1111,17,361.6,275.2,227.13,133.27,1,1,0.7593
1112,17,380.16,265.81,217.32,133.27,1,1,0.7474
1113,17,398.72,256.43,207.51,133.26,1,1,0.8261
1114,17,417.28,247.04,197.69,133.27,1,1,0.9301
1115,17,435.84,237.65,187.88,133.27,1,1,1.0
1116,17,454.4,228.27,178.07,133.26,1,1,1.0
1117,17,468.05,222.93,172.74,129.0,1,1,1.0
1118,17,481.71,217.6,167.4,124.73,1,1,1.0
1119,17,495.36,212.27,162.07,120.46,1,1,1.0
1120,17,509.01,206.93,156.74,116.2,1,1,1.0
1121,17,522.67,201.6,151.4,111.93,1,1,1.0
1122,17,535.25,196.05,146.92,109.8,1,1,1.0
1123,17,547.84,190.51,142.44,107.66,1,1,1.0
1124,17,560.43,184.96,137.96,105.53,1,1,1.0
1125,17,573.01,179.41,133.48,103.4,1,1,1.0
1126,17,585.6,173.87,129.0,101.26,1,1,1.0
1127,17,593.71,168.75,129.0,99.77,1,1,1.0
1128,17,601.81,163.63,129.0,98.28,1,1,1.0
1129,17,609.92,158.51,129.0,96.78,1,1,1.0
1130,17,618.03,153.39,129.0,95.29,1,1,1.0
1131,17,626.13,148.27,129.0,93.8,1,1,1.0
1132,17,633.81,143.79,124.31,92.52,1,1,1.0
1133,17,641.49,139.31,119.62,91.24,1,1,1.0
1134,17,649.17,134.83,114.92,89.96,1,1,1.0
1135,17,656.85,130.35,110.23,88.68,1,1,1.0
1136,17,664.53,125.87,105.54,87.4,1,1,1.0
1137,17,671.36,122.24,104.68,85.27,1,1,1.0
1138,17,678.19,118.61,103.82,83.14,1,1,1.0
1139,17,685.01,114.99,102.98,81.0,1,1,1.0
1140,17,691.84,111.36,102.12,78.87,1,1,1.0
1141,17,698.67,107.73,101.26,76.74,1,1,1.0
1142,17,703.57,105.39,99.99,75.02,1,1,1.0
1143,17,708.48,103.04,98.71,73.32,1,1,1.0
1144,17,713.39,100.69,97.42,71.62,1,1,1.0
1145,17,718.29,98.35,96.15,69.9,1,1,1.0
1146,17,723.2,96.0,94.87,68.2,1,1,1.0
1147,17,728.53,93.44,93.16,68.41,1,1,1.0
1148,17,733.87,90.88,91.45,68.63,1,1,1.0
1149,17,739.2,88.32,89.75,68.84,1,1,1.0
1150,17,744.53,85.76,88.04,69.05,1,1,1.0
1151,17,749.87,83.2,86.33,69.27,1,1,1.0
1152,17,752.85,80.64,86.34,67.13,1,1,1.0
1153,17,755.84,78.08,86.33,65.0,1,1,1.0
1154,17,758.83,75.52,86.33,62.87,1,1,1.0
1155,17,761.81,72.96,86.34,60.73,1,1,1.0
1156,17,764.8,70.4,86.33,58.6,1,1,1.0
1157,17,771.47,69.6,82.6,56.47,1,1,1.0
1158,17,778.13,68.8,78.87,54.33,1,1,1.0
1159,17,784.8,68.0,75.13,52.2,1,1,1.0
1160,17,791.47,67.2,71.4,50.07,1,1,1.0
