1,1,321.0127258300781,123.78795623779297,63.38043212890625,34.88080596923828,0.7657766342163086
1,2,143.89584350585938,269.38616943359375,73.14175415039062,76.4791259765625,0.45808637142181396
1,3,561.1067504882812,177.51878356933594,125.2950439453125,48.210479736328125,0.4349035322666168
1,4,144.3658905029297,269.27874755859375,73.19796752929688,76.697998046875,0.27541282773017883
1,5,562.1805419921875,177.35105895996094,94.610107421875,54.134124755859375,0.26756101846694946
1,6,646.9359741210938,185.23155212402344,37.9967041015625,24.054656982421875,0.2580711841583252
2,1,319.0790710449219,123.87174224853516,60.692230224609375,33.39855194091797,0.7158259153366089
2,2,146.92466735839844,270.9781188964844,73.89823913574219,77.294189453125,0.25030580163002014
2,3,551.3237915039062,174.75311279296875,130.86248779296875,50.450958251953125,0.5100444555282593
2,4,147.4799346923828,271.497802734375,73.014892578125,76.49502563476562,0.4722059369087219
3,1,316.90814208984375,124.0302963256836,56.64898681640625,31.085594177246094,0.657982349395752
3,2,150.10694885253906,273.1818542480469,75.60447692871094,79.11624145507812,0.2750411033630371
3,3,539.720458984375,173.00802612304688,134.4093017578125,51.987396240234375,0.3777567446231842
3,4,150.36822509765625,274.5343017578125,74.176025390625,77.68838500976562,0.5499399304389954
4,1,311.4855651855469,123.53076171875,56.412994384765625,30.799484252929688,0.7758020758628845
4,3,530.8993530273438,172.2609405517578,133.74468994140625,51.95109558105469,0.46660178899765015
4,4,152.59254455566406,277.63018798828125,75.15675354003906,78.7044677734375,0.45386436581611633
5,1,308.76763916015625,123.06644439697266,55.131591796875,29.98406219482422,0.5611664652824402
5,3,524.6463623046875,171.97576904296875,128.73236083984375,50.167694091796875,0.5135226249694824
5,4,156.53260803222656,280.417724609375,76.57763671875,80.37860107421875,0.36415305733680725
6,1,304.8683776855469,121.77884674072266,57.349365234375,31.193092346191406,0.5775097608566284
6,3,521.2940063476562,170.53964233398438,122.17425537109375,47.9229736328125,0.2939971685409546
6,4,158.33982849121094,280.9054870605469,78.34413146972656,82.2991943359375,0.4254385232925415
7,1,301.7423095703125,120.36956787109375,58.39984130859375,31.917343139648438,0.5719916820526123
7,4,160.99862670898438,283.4305114746094,78.73426818847656,82.68112182617188,0.34802448749542236
8,1,297.753173828125,119.9061050415039,59.56561279296875,32.758934020996094,0.68201744556427
8,4,162.7045135498047,285.5887451171875,81.02690124511719,85.03741455078125,0.40280681848526
9,1,296.3590393066406,119.8321533203125,57.653839111328125,31.882232666015625,0.5699931383132935
9,4,165.97743225097656,288.5911865234375,82.06915283203125,85.9942626953125,0.38436657190322876
9,3,497.9274597167969,164.91734313964844,119.25717163085938,47.07386779785156,0.5691502690315247
10,1,293.41522216796875,118.99332427978516,57.470062255859375,32.028160095214844,0.5397921204566956
10,4,168.94363403320312,291.5361022949219,83.93453979492188,88.04534912109375,0.3976731598377228
10,3,491.2014465332031,161.99095153808594,120.65896606445312,48.1683349609375,0.542719841003418
11,1,289.0710754394531,118.53883361816406,57.421722412109375,31.982757568359375,0.6242297887802124
11,4,173.363037109375,294.12939453125,84.66885375976562,88.98526000976562,0.41362032294273376
11,3,483.9256896972656,160.34030151367188,119.83584594726562,48.30842590332031,0.7302421927452087
12,1,287.5164489746094,118.41922760009766,54.204864501953125,30.12657928466797,0.5707641243934631
12,4,175.55296325683594,296.9404296875,86.78373718261719,91.47512817382812,0.4064795672893524
12,3,476.37139892578125,158.92068481445312,119.185302734375,48.56761169433594,0.7339760065078735
13,1,284.1620178222656,117.92682647705078,54.900299072265625,30.714317321777344,0.507770836353302
13,4,179.9256591796875,300.3772888183594,86.4664306640625,91.21554565429688,0.5244900584220886
13,3,471.9305114746094,158.36019897460938,114.93484497070312,47.27806091308594,0.7720510363578796
14,1,281.5660705566406,117.39361572265625,55.1602783203125,31.007980346679688,0.4777202606201172
14,4,183.4633026123047,302.96905517578125,87.47810363769531,92.29281616210938,0.5634129047393799
14,3,466.8143005371094,157.97425842285156,113.89089965820312,47.38896179199219,0.6538389325141907
15,1,278.25726318359375,116.9380111694336,54.853118896484375,30.943992614746094,0.5088748931884766
15,4,186.8313446044922,305.2791442871094,89.57408142089844,94.57199096679688,0.4685906767845154
15,3,460.64239501953125,157.4725799560547,113.06317138671875,47.34425354003906,0.675347626209259
16,1,277.60357666015625,116.73746490478516,50.51385498046875,28.303138732910156,0.5223356485366821
16,4,189.78585815429688,308.5168762207031,90.48281860351562,95.5550537109375,0.5611727833747864
16,3,454.6431884765625,155.7529296875,106.3304443359375,45.02830505371094,0.5892264246940613
16,13,187.97727966308594,306.7932434082031,90.48014831542969,97.632080078125,0.38782209157943726
17,1,278.2734680175781,116.79268646240234,47.03826904296875,26.18488311767578,0.4657626152038574
17,4,193.04733276367188,310.2367858886719,92.53890991210938,97.8028564453125,0.4364725947380066
17,3,446.7232360839844,152.71463012695312,108.39022827148438,46.28143310546875,0.6560381054878235
17,13,192.27011108398438,309.9942321777344,92.7210693359375,100.07669067382812,0.26145198941230774
18,1,277.7261047363281,116.56041717529297,44.413360595703125,24.58216094970703,0.3988904058933258
18,4,195.08489990234375,310.9886474609375,95.95205688476562,101.56869506835938,0.2622087299823761
18,3,443.0434875488281,150.25132751464844,104.05935668945312,44.5113525390625,0.7516496181488037
18,13,195.0217742919922,311.5354309082031,95.17430114746094,102.73385620117188,0.37752366065979004
19,1,272.2437438964844,116.501708984375,45.8736572265625,25.160659790039062,0.425701767206192
19,3,437.0348815917969,148.76431274414062,105.80618286132812,45.810882568359375,0.7877153754234314
20,1,269.2924499511719,116.46717834472656,46.24322509765625,25.098068237304688,0.37103471159935
20,3,433.1625061035156,147.46041870117188,103.61587524414062,45.31526184082031,0.7974725961685181
20,4,204.40968322753906,317.76361083984375,95.93620300292969,101.39505004882812,0.4733317792415619
21,1,267.33154296875,116.79603576660156,46.611053466796875,25.279449462890625,0.3011648952960968
21,3,430.6680603027344,147.807861328125,99.87808227539062,44.13679504394531,0.6634066700935364
21,19,206.75018310546875,320.5162048339844,99.0703125,105.89117431640625,0.3879735767841339
21,4,207.38229370117188,320.9728088378906,99.2178955078125,104.95751953125,0.42715516686439514
22,1,267.87176513671875,117.38846588134766,44.347320556640625,24.059120178222656,0.27014443278312683
22,3,423.7320556640625,147.02117919921875,96.544189453125,42.688201904296875,0.7231983542442322
22,19,209.88955688476562,324.6723327636719,102.21347045898438,109.26431274414062,0.39325734972953796
22,4,210.63034057617188,324.2049255371094,101.80642700195312,107.838623046875,0.37179771065711975
23,3,416.781005859375,146.18801879882812,95.13381958007812,42.06443786621094,0.7800350785255432
23,4,212.74996948242188,326.9828796386719,103.62774658203125,109.68057250976562,0.4465654194355011
24,3,412.6587219238281,145.05091857910156,94.18231201171875,41.76153564453125,0.8176820278167725
24,4,216.6109619140625,328.91766357421875,107.1053466796875,113.68881225585938,0.38240674138069153
25,3,408.391357421875,143.92437744140625,93.3408203125,41.488037109375,0.7032390832901001
25,4,221.32852172851562,332.8832702636719,108.69973754882812,115.53143310546875,0.29614153504371643
26,3,402.5998229980469,142.61593627929688,95.861328125,43.28340148925781,0.7386595010757446
26,4,226.83470153808594,337.04864501953125,107.12986755371094,113.85617065429688,0.3272816240787506
27,3,400.23370361328125,141.74989318847656,92.42880249023438,42.25520324707031,0.7764092087745667
27,4,231.79248046875,339.99920654296875,110.07806396484375,117.206787109375,0.2894050180912018
28,3,395.94720458984375,140.62994384765625,88.80999755859375,40.98406982421875,0.7048758268356323
29,3,393.0980224609375,139.08908081054688,84.88079833984375,39.44831848144531,0.6298773288726807
29,4,238.7168731689453,345.69366455078125,113.06748962402344,119.99722290039062,0.33971381187438965
30,3,384.59326171875,138.28562927246094,82.64248657226562,38.549407958984375,0.3457567095756531
30,4,240.8090057373047,349.11077880859375,118.39695739746094,126.31781005859375,0.37602102756500244
31,3,376.82537841796875,136.76556396484375,84.45162963867188,39.78755187988281,0.40508419275283813
32,3,372.546142578125,135.7519989013672,83.47247314453125,39.863494873046875,0.480962872505188
33,3,370.0834655761719,135.1560821533203,84.28271484375,40.68792724609375,0.635498583316803
33,4,254.22671508789062,360.5586853027344,124.6458740234375,133.44992065429688,0.3557125926017761
34,3,367.9627990722656,135.2095947265625,82.11978149414062,40.29534912109375,0.5406565070152283
34,4,258.75811767578125,363.4995422363281,128.220458984375,137.63223266601562,0.2603123188018799
35,3,366.0251159667969,135.1644744873047,76.54385375976562,37.72224426269531,0.4983041286468506
35,4,265.28271484375,368.1274108886719,129.12002563476562,138.55911254882812,0.30123111605644226
36,3,357.6081237792969,134.50071716308594,75.12518310546875,36.89445495605469,0.5377132892608643
36,4,269.55950927734375,372.6995544433594,131.61361694335938,141.28652954101562,0.3143799602985382
38,4,278.74505615234375,379.1278076171875,138.43313598632812,148.75335693359375,0.29368945956230164
39,4,284.267578125,383.83184814453125,140.12762451171875,150.3199462890625,0.2614564895629883
40,4,295.0301208496094,389.68646240234375,128.8060302734375,135.87255859375,0.37345486879348755
41,4,303.5902404785156,395.06365966796875,122.3355712890625,125.70965576171875,0.4346712827682495
42,4,308.8392639160156,399.10198974609375,128.09619140625,129.87432861328125,0.30661261081695557
43,4,314.2727355957031,405.4775695800781,129.63412475585938,129.30917358398438,0.3067348599433899
44,4,322.0140380859375,410.2762756347656,129.89584350585938,126.90060424804688,0.4313099682331085
44,28,792.4780883789062,212.70045471191406,160.43841552734375,63.90959167480469,0.41497063636779785
45,4,328.099853515625,415.4037170410156,130.18081665039062,124.23849487304688,0.4706037640571594
45,28,781.7521362304688,210.7998504638672,143.73992919921875,57.16157531738281,0.5894295573234558
46,4,336.723388671875,420.621337890625,128.95407104492188,119.378662109375,0.42328524589538574
46,28,771.8992309570312,211.2784881591797,131.46820068359375,52.17082214355469,0.6644341945648193
47,4,345.3151550292969,424.3182067871094,129.45220947265625,115.68179321289062,0.4667964279651642
47,28,757.8709716796875,210.06405639648438,120.42376708984375,47.54681396484375,0.4116733968257904
48,4,352.379638671875,429.7577819824219,127.6651611328125,110.24221801757812,0.40748006105422974
48,3,314.47418212890625,124.08082580566406,68.81134033203125,34.37554931640625,0.41859179735183716
51,3,304.8811340332031,122.56471252441406,60.903564453125,30.342498779296875,0.332704097032547
52,4,384.27203369140625,451.03875732421875,110.55966186523438,88.96124267578125,0.3247053027153015
53,4,390.99603271484375,456.3605041503906,109.35101318359375,83.63949584960938,0.4099029302597046
54,4,397.5066223144531,460.8554382324219,109.60784912109375,79.14456176757812,0.43409112095832825
56,3,282.457275390625,120.04907989501953,65.54803466796875,33.46410369873047,0.32334524393081665
57,3,280.0357666015625,119.48090362548828,64.88748168945312,33.76958465576172,0.36922645568847656
58,3,278.9093017578125,118.30998992919922,63.965911865234375,34.071449279785156,0.3390892446041107
59,3,277.17950439453125,118.11579132080078,62.506072998046875,33.998252868652344,0.482189804315567
59,45,902.10986328125,225.49595642089844,54.960205078125,50.94740295410156,0.7264609932899475
60,3,276.0667724609375,117.07093811035156,61.2540283203125,34.02122497558594,0.40052953362464905
60,45,892.4283447265625,215.66497802734375,60.49847412109375,55.872100830078125,0.7697598934173584
61,3,273.7629699707031,116.42792510986328,59.83502197265625,33.56342315673828,0.3558085560798645
61,45,884.123046875,211.58267211914062,64.203125,58.68206787109375,0.8095787167549133
62,45,874.14453125,209.25050354003906,71.3209228515625,64.25349426269531,0.6289072036743164
63,45,866.743408203125,207.60580444335938,78.228515625,69.33938598632812,0.7894740700721741
64,45,862.6448364257812,205.75364685058594,81.70672607421875,71.01918029785156,0.8444656133651733
65,45,850.9606323242188,202.7171173095703,86.13818359375,72.04322814941406,0.8729712963104248
66,45,842.3277587890625,200.65069580078125,88.579345703125,70.372314453125,0.860302209854126
67,45,832.6856689453125,198.06243896484375,92.1837158203125,69.29257202148438,0.8543417453765869
68,45,820.2568969726562,196.5666961669922,92.62591552734375,66.12446594238281,0.8213321566581726
69,45,805.2587280273438,193.993408203125,96.82598876953125,66.09017944335938,0.8632465600967407
70,45,793.8543090820312,191.51535034179688,97.3006591796875,63.45916748046875,0.8887012004852295
70,51,535.1679077148438,154.45767211914062,40.936279296875,31.150299072265625,0.5408523678779602
71,45,780.9508666992188,188.19873046875,99.111083984375,62.0380859375,0.9028740525245667
72,45,767.5324096679688,186.0823974609375,102.7315673828125,62.024810791015625,0.9097554087638855
73,45,754.006591796875,184.66143798828125,106.12530517578125,62.190093994140625,0.8750295042991638
73,55,474.39849853515625,147.28750610351562,74.0157470703125,29.901229858398438,0.4818328619003296
74,45,737.1419067382812,182.632080078125,108.47900390625,63.12632751464844,0.8682082295417786
74,55,463.0149230957031,144.94491577148438,76.92721557617188,31.044342041015625,0.7416388988494873
75,45,727.8724975585938,180.36468505859375,108.48333740234375,61.88264465332031,0.8699266910552979
75,55,458.9009094238281,144.1938934326172,72.40225219726562,29.156524658203125,0.5221858024597168
76,45,722.7716674804688,179.1584930419922,104.241943359375,57.46385192871094,0.8541809916496277
76,55,450.6805114746094,143.0146942138672,70.51968383789062,28.29071044921875,0.4624483585357666
77,45,711.73486328125,176.6663360595703,105.28057861328125,56.72639465332031,0.8876338005065918
77,55,440.0585021972656,141.45944213867188,78.14852905273438,31.474517822265625,0.45711424946784973
78,45,700.5257568359375,174.52243041992188,107.23907470703125,56.75538635253906,0.890753448009491
78,55,435.9790344238281,140.21888732910156,72.44497680664062,29.047378540039062,0.382149338722229
79,45,689.2096557617188,173.4774169921875,107.854248046875,56.16093444824219,0.8943514823913574
80,45,679.0187377929688,171.86500549316406,108.23626708984375,55.6719970703125,0.8743425011634827
80,55,424.09735107421875,138.0125732421875,67.53244018554688,26.997344970703125,0.29224562644958496
81,45,671.1878051757812,170.5129852294922,105.43328857421875,53.40824890136719,0.8750574588775635
82,45,664.2479248046875,169.60342407226562,101.0938720703125,50.196990966796875,0.877106785774231
82,55,414.7701721191406,135.21224975585938,61.54730224609375,24.353057861328125,0.27233871817588806
83,45,655.5427856445312,169.28488159179688,99.8177490234375,48.566253662109375,0.8171340823173523
84,45,644.0017700195312,167.42466735839844,102.72955322265625,49.39617919921875,0.8163078427314758
85,45,633.9729614257812,165.43357849121094,105.263671875,50.35353088378906,0.7952708005905151
86,45,624.9957275390625,162.73963928222656,105.1715087890625,49.921875,0.7651549577713013
87,45,617.9392700195312,161.25503540039062,103.12005615234375,48.4720458984375,0.7801564931869507
88,45,610.456787109375,159.83218383789062,103.03204345703125,48.14356994628906,0.857726514339447
89,45,603.27001953125,158.09487915039062,100.6988525390625,46.76715087890625,0.8416031002998352
90,45,595.8014526367188,157.2647247314453,99.36395263671875,45.860015869140625,0.8005474209785461
91,45,586.867919921875,155.13926696777344,100.31585693359375,46.2156982421875,0.859002411365509
92,45,579.06640625,154.27516174316406,101.38922119140625,46.701141357421875,0.878877580165863
93,45,572.1255493164062,153.7610321044922,98.23773193359375,45.070831298828125,0.8397552967071533
94,45,563.5751953125,152.82322692871094,98.44512939453125,44.96449279785156,0.8192893862724304
95,45,555.45361328125,151.68373107910156,98.5177001953125,45.07511901855469,0.8688564300537109
96,45,548.9965209960938,150.38754272460938,97.21710205078125,44.419586181640625,0.8466086387634277
97,45,541.4033203125,149.59605407714844,95.11395263671875,43.369903564453125,0.8399110436439514
98,45,535.1859741210938,148.6286163330078,93.41729736328125,42.58265686035156,0.859050452709198
99,45,527.8646850585938,147.51976013183594,94.54437255859375,43.19889831542969,0.8167544603347778
100,45,520.3126831054688,146.7996826171875,93.84222412109375,43.02195739746094,0.8341609835624695
101,45,513.4449462890625,145.45132446289062,94.21044921875,43.3707275390625,0.8203322887420654
102,45,508.3099365234375,144.35523986816406,91.1572265625,41.94902038574219,0.8483044505119324
103,45,501.6675720214844,143.0833740234375,90.95675659179688,41.99153137207031,0.8782997131347656
104,45,495.7239074707031,142.46299743652344,89.06167602539062,41.23974609375,0.8806502819061279
105,45,489.4203796386719,141.92088317871094,86.56027221679688,39.96156311035156,0.8665504455566406
106,45,485.304443359375,140.74095153808594,85.3206787109375,39.492095947265625,0.8450398445129395
107,45,480.06591796875,139.50584411621094,83.63238525390625,38.67243957519531,0.8444563150405884
108,45,475.112548828125,139.08535766601562,82.3494873046875,38.14698791503906,0.7892888784408569
109,45,469.08502197265625,138.40591430664062,82.472412109375,38.27500915527344,0.7592300772666931
110,45,464.73583984375,138.07176208496094,81.36883544921875,37.79182434082031,0.841280996799469
111,45,460.9954833984375,137.9023895263672,76.9188232421875,35.65321350097656,0.758672297000885
112,45,456.9843444824219,138.13919067382812,75.28866577148438,34.7392578125,0.8469502925872803
113,45,453.013916015625,138.13560485839844,73.29681396484375,33.59645080566406,0.80074542760849
114,45,448.6890869140625,138.5357208251953,70.788330078125,32.035491943359375,0.6147289872169495
115,45,442.99334716796875,138.1282501220703,71.207275390625,32.08293151855469,0.5910041928291321
121,71,820.6053466796875,207.93853759765625,135.02655029296875,66.18569946289062,0.8158356547355652
122,71,814.6280517578125,205.53121948242188,128.189208984375,62.580902099609375,0.8261029720306396
123,71,806.7294311523438,202.78668212890625,118.7056884765625,57.53338623046875,0.8212897181510925
124,71,795.3619995117188,201.38951110839844,117.15521240234375,56.25794982910156,0.8400430679321289
124,73,401.7246398925781,125.42813110351562,33.93597412109375,29.109848022460938,0.45065706968307495
125,71,784.41357421875,201.35354614257812,115.19085693359375,54.726104736328125,0.7894569635391235
125,73,399.07623291015625,124.68610382080078,34.2647705078125,29.29296112060547,0.39733538031578064
126,71,774.9655151367188,202.4042205810547,109.094970703125,51.02098083496094,0.6357437968254089
126,73,396.5439453125,123.77359008789062,34.66888427734375,29.39215087890625,0.3864077031612396
127,71,769.6727905273438,205.57327270507812,98.4111328125,44.84675598144531,0.5045260190963745
127,73,392.95526123046875,122.208984375,35.66473388671875,29.956527709960938,0.3761465549468994
127,45,385.05511474609375,122.48797607421875,67.66961669921875,31.1231689453125,0.5054514408111572
128,71,756.3116455078125,203.80120849609375,103.37261962890625,46.2955322265625,0.43164873123168945
128,45,379.50494384765625,122.18206024169922,63.26171875,29.847068786621094,0.5334755778312683
129,71,734.9952392578125,201.9163055419922,107.9473876953125,48.355499267578125,0.28794923424720764
129,45,376.048828125,121.73950958251953,63.520965576171875,30.32489776611328,0.4824697971343994
130,71,720.246337890625,195.7854766845703,115.84356689453125,51.984527587890625,0.2912810146808624
130,45,372.89959716796875,122.02542877197266,62.456512451171875,30.00934600830078,0.546049177646637
131,71,711.609619140625,191.23831176757812,120.98681640625,54.16798400878906,0.8146457076072693
131,45,369.3789367675781,122.56306457519531,62.021209716796875,29.828811645507812,0.5270417332649231
132,71,702.21142578125,189.2835693359375,122.914306640625,54.94584655761719,0.8552917242050171
132,45,366.210693359375,122.36742401123047,63.04522705078125,30.41248321533203,0.5269041061401367
132,74,368.9356689453125,124.27674102783203,37.16253662109375,27.533470153808594,0.39313676953315735
133,71,694.2455444335938,188.08621215820312,120.1221923828125,53.46617126464844,0.8231324553489685
133,45,363.46209716796875,123.22895050048828,62.33447265625,29.913124084472656,0.5364689230918884
133,74,363.9566650390625,123.1479263305664,38.33953857421875,28.41197967529297,0.42457738518714905
134,71,688.7036743164062,184.9555206298828,115.0142822265625,50.68670654296875,0.5970465540885925
134,45,360.4726257324219,122.42195892333984,60.927978515625,29.09369659423828,0.3473009765148163
134,74,359.7562255859375,122.41971588134766,35.62158203125,26.434791564941406,0.3742283880710602
135,71,680.2072143554688,183.3726806640625,113.52044677734375,49.53422546386719,0.5392005443572998
135,45,357.7428283691406,122.59500122070312,56.274505615234375,26.591964721679688,0.27403348684310913
135,74,357.4847106933594,123.59386444091797,31.61492919921875,23.357765197753906,0.25053906440734863
136,71,672.4190673828125,183.3762664794922,110.8031005859375,47.91505432128906,0.6337084770202637
136,45,353.9053649902344,121.52075958251953,55.98931884765625,26.187538146972656,0.3548617362976074
136,74,352.6399841308594,123.11954498291016,30.47235107421875,22.49523162841797,0.41941362619400024
137,71,664.4627075195312,182.98971557617188,110.389892578125,47.30706787109375,0.7388641834259033
137,45,346.8717346191406,121.1264419555664,53.429290771484375,25.37940216064453,0.47524067759513855
137,74,348.7445068359375,122.0510482788086,31.8941650390625,23.553794860839844,0.35639458894729614
138,71,656.794677734375,182.03622436523438,107.6507568359375,45.74913024902344,0.713241457939148
138,45,345.7616271972656,119.87893676757812,57.315338134765625,27.130172729492188,0.540371298789978
138,74,345.72601318359375,120.96678161621094,32.78173828125,24.244522094726562,0.3542279899120331
139,71,648.0427856445312,179.40310668945312,109.21282958984375,46.20399475097656,0.5679585933685303
139,45,341.87603759765625,118.42032623291016,60.348236083984375,28.65099334716797,0.5667436718940735
139,74,343.17236328125,119.37218475341797,33.98870849609375,25.040260314941406,0.35480937361717224
140,71,638.315673828125,176.1934356689453,110.3870849609375,46.52874755859375,0.7532969117164612
140,45,339.9236145019531,118.51488494873047,58.0350341796875,27.487037658691406,0.41865864396095276
140,74,339.4106140136719,119.18795776367188,32.40521240234375,23.985702514648438,0.3002612590789795
141,71,632.6705322265625,174.46688842773438,106.8531494140625,44.71220397949219,0.7503546476364136
141,45,338.5373840332031,117.82759857177734,56.6605224609375,26.735755920410156,0.3653334975242615
141,74,339.4600524902344,118.73051452636719,32.437652587890625,23.741683959960938,0.3005707263946533
142,71,627.28466796875,173.93714904785156,104.976318359375,43.6038818359375,0.4660763442516327
143,71,619.9695434570312,172.69281005859375,104.55010986328125,43.10734558105469,0.7494503855705261
144,71,612.5700073242188,171.0344696044922,104.12884521484375,42.74537658691406,0.7936849594116211
145,71,605.5234375,168.54847717285156,103.38787841796875,42.36170959472656,0.6801045536994934
146,71,599.0458984375,165.64959716796875,102.67852783203125,41.95172119140625,0.7810204029083252
147,71,592.0736083984375,164.20571899414062,101.8717041015625,41.49906921386719,0.7525880336761475
148,71,587.8458251953125,165.01173400878906,96.48895263671875,38.89353942871094,0.6166608929634094
149,71,579.5607299804688,162.2718048095703,101.437744140625,41.045135498046875,0.6841243505477905
150,71,573.0686645507812,160.5077362060547,101.69134521484375,41.27696228027344,0.6206761598587036
151,71,565.616943359375,160.1846923828125,102.5145263671875,41.71183776855469,0.5896120667457581
152,71,560.3994750976562,159.6298370361328,100.068359375,40.80339050292969,0.7416195869445801
153,71,556.7496948242188,158.19442749023438,96.79302978515625,39.427642822265625,0.8251868486404419
154,71,551.3053588867188,156.4031219482422,95.25592041015625,38.831756591796875,0.7400203943252563
155,71,547.8336791992188,155.75514221191406,92.36749267578125,37.58930969238281,0.688014566898346
156,71,540.1017456054688,154.768798828125,94.5924072265625,38.587127685546875,0.684716522693634
157,71,534.2171020507812,154.0683135986328,94.298828125,38.55891418457031,0.7881746888160706
158,71,529.0670166015625,153.900146484375,92.400390625,37.80308532714844,0.8306156396865845
159,71,523.333740234375,153.77218627929688,90.13446044921875,36.741546630859375,0.7197130918502808
160,71,517.7469482421875,152.7046356201172,91.62939453125,37.48606872558594,0.8673829436302185
161,71,511.3791809082031,151.19129943847656,91.22103881835938,37.368377685546875,0.7578516006469727
162,71,505.7573547363281,149.0034942626953,91.11874389648438,37.5848388671875,0.7408729195594788
163,71,500.2286376953125,146.95799255371094,88.51409912109375,36.6439208984375,0.7375196218490601
164,71,494.616455078125,146.3083038330078,85.79754638671875,35.38323974609375,0.6826598644256592
165,71,488.9324951171875,145.28761291503906,85.4552001953125,35.395660400390625,0.7964576482772827
166,71,484.2032470703125,144.93182373046875,83.5321044921875,34.79136657714844,0.7477642297744751
167,71,477.0453186035156,143.70626831054688,83.78073120117188,34.970489501953125,0.7084773778915405
168,71,471.2358093261719,143.01622009277344,84.03060913085938,35.28666687011719,0.7987366914749146
169,71,466.8379211425781,142.4720001220703,82.49954223632812,34.77632141113281,0.7188796997070312
170,71,464.7392883300781,142.84521484375,77.10830688476562,32.28630065917969,0.7070522308349609
171,71,460.6530456542969,141.67298889160156,75.38491821289062,31.517181396484375,0.7814317941665649
172,71,455.9935607910156,141.4259490966797,74.07095336914062,30.806900024414062,0.7213291525840759
173,71,451.1158752441406,140.48956298828125,74.23037719726562,30.828399658203125,0.7337942123413086
174,71,445.5445251464844,139.44607543945312,74.94985961914062,31.073989868164062,0.6475932598114014
175,71,441.2630920410156,138.82554626464844,75.52645874023438,31.451858520507812,0.6651875972747803
176,71,438.1842956542969,138.9906005859375,71.92910766601562,29.785995483398438,0.34682318568229675
177,71,436.37158203125,139.40318298339844,67.23666381835938,27.579513549804688,0.3561227321624756
179,71,427.55487060546875,139.35638427734375,64.97647094726562,26.46282958984375,0.2842264473438263
180,71,423.2200012207031,139.08364868164062,64.34085083007812,26.104721069335938,0.3176426291465759
181,71,418.59967041015625,138.44248962402344,65.617919921875,26.685455322265625,0.34695670008659363
182,71,418.7771911621094,140.44461059570312,60.3402099609375,24.456893920898438,0.2772365212440491
183,71,411.1234436035156,137.99224853515625,63.532623291015625,25.749984741210938,0.29635924100875854
185,71,409.1605224609375,138.5936279296875,59.383575439453125,24.151199340820312,0.3438687026500702
187,71,413.4716796875,139.00794982910156,52.284942626953125,22.097579956054688,0.5735065340995789
193,87,403.58160400390625,131.57395935058594,32.20648193359375,22.144973754882812,0.4715590476989746
193,88,374.86212158203125,125.59518432617188,62.748992919921875,27.183868408203125,0.5087652802467346
193,89,395.3273620605469,127.49836730957031,41.1429443359375,26.022979736328125,0.420522004365921
194,87,399.7626953125,130.83152770996094,31.936309814453125,21.9410400390625,0.3011789619922638
194,88,371.82916259765625,124.74017333984375,63.17218017578125,27.403472900390625,0.5509134531021118
195,87,397.7542419433594,132.35861206054688,28.9937744140625,19.818206787109375,0.281059205532074
195,88,369.5217590332031,124.34255981445312,62.54119873046875,27.177139282226562,0.4956272840499878
195,89,392.4543151855469,127.53707122802734,38.894775390625,24.617881774902344,0.4038795530796051
196,87,393.3580627441406,130.86480712890625,30.001495361328125,20.39453125,0.434976190328598
196,88,367.4037170410156,123.68527221679688,60.326080322265625,26.240158081054688,0.2837197482585907
196,89,386.52685546875,124.72828674316406,40.27581787109375,25.50311279296875,0.31534337997436523
197,87,390.775390625,131.5637969970703,28.9188232421875,19.535140991210938,0.31879720091819763
199,88,357.51617431640625,120.91702270507812,55.328887939453125,23.979598999023438,0.49563297629356384
199,89,378.4033508300781,122.69226837158203,35.5001220703125,22.479759216308594,0.4345396161079407
200,88,353.2509460449219,121.05473327636719,54.931182861328125,23.749771118164062,0.3959873914718628
200,89,375.61395263671875,123.75489807128906,33.889373779296875,21.448013305664062,0.3375399708747864
201,88,350.7970886230469,121.60973358154297,52.009185791015625,22.37928009033203,0.5602785348892212
201,89,368.6893005371094,123.4172592163086,35.521026611328125,22.25768280029297,0.43756505846977234
202,88,348.0066833496094,120.91139221191406,52.1907958984375,22.479537963867188,0.4158601462841034
202,89,367.300537109375,122.67831420898438,35.179290771484375,22.279373168945312,0.29216358065605164
203,88,345.1704406738281,120.2068099975586,52.26171875,22.52233123779297,0.5883609652519226
203,89,365.80633544921875,122.67106628417969,33.891693115234375,21.534744262695312,0.28011688590049744
204,88,341.7066345214844,120.28197479248047,50.943267822265625,22.08147430419922,0.4200621247291565
204,89,363.376953125,122.82269287109375,32.576080322265625,20.6636962890625,0.3453792929649353
205,88,339.073486328125,119.43526458740234,51.565887451171875,22.327720642089844,0.4357570707798004
205,89,362.2400207519531,123.46390533447266,30.739593505859375,19.40782928466797,0.3088875114917755
206,88,337.1125183105469,118.7359619140625,52.26513671875,22.719711303710938,0.4233514070510864
207,88,334.9823913574219,118.8466567993164,48.635162353515625,21.17693328857422,0.36902323365211487
207,89,357.6882019042969,122.85545349121094,31.078765869140625,19.623077392578125,0.37605616450309753
209,88,330.6991271972656,118.03018951416016,50.984161376953125,22.161949157714844,0.27354785799980164
269,100,834.5933227539062,216.2373046875,111.97918701171875,61.11126708984375,0.7795999050140381
270,100,822.2203979492188,211.75827026367188,115.26043701171875,62.44464111328125,0.8567967414855957
271,100,813.015625,209.3055877685547,115.027099609375,61.52619934082031,0.831057071685791
272,100,798.2393188476562,206.6697235107422,114.15423583984375,60.21556091308594,0.8139535784721375
273,100,784.4402465820312,204.4652557373047,111.93487548828125,58.20332336425781,0.8389794230461121
274,100,773.4677734375,202.87950134277344,105.0601806640625,53.50181579589844,0.7932994961738586
275,100,758.269775390625,198.55374145507812,107.60101318359375,53.874420166015625,0.5709524154663086
276,100,736.1107177734375,195.95053100585938,108.96417236328125,54.334716796875,0.6814711689949036
277,100,725.3436889648438,192.92230224609375,109.80291748046875,54.2955322265625,0.8659543395042419
278,100,717.4424438476562,189.1084442138672,111.3585205078125,54.35111999511719,0.7445831298828125
279,100,706.8609619140625,186.0640411376953,112.41107177734375,54.19132995605469,0.8476366996765137
280,100,695.67529296875,183.85243225097656,111.51715087890625,53.135589599609375,0.879557192325592
281,100,685.6741943359375,182.0457763671875,109.09747314453125,51.339630126953125,0.8714584708213806
282,100,675.0205078125,180.25537109375,106.33544921875,49.35960388183594,0.8505368828773499
283,100,664.32958984375,177.86158752441406,104.99737548828125,48.11177062988281,0.8250204920768738
284,100,653.4888305664062,174.1284942626953,106.10491943359375,48.14453125,0.8434995412826538
285,100,643.9315185546875,172.03970336914062,103.8016357421875,46.60246276855469,0.8796513080596924
286,100,635.5055541992188,170.3811492919922,101.75189208984375,45.22407531738281,0.8066322803497314
287,100,624.8235473632812,168.45114135742188,100.9495849609375,44.4334716796875,0.8276481628417969
288,100,615.4098510742188,166.54896545410156,99.95361328125,43.656494140625,0.8219691514968872
289,100,605.7470703125,163.52503967285156,101.5767822265625,44.271514892578125,0.791903018951416
290,100,596.1224975585938,161.84751892089844,100.58782958984375,43.66911315917969,0.7388550043106079
291,100,587.2507934570312,160.27420043945312,99.9786376953125,43.30497741699219,0.7474098205566406
292,100,579.3914794921875,159.01844787597656,98.72412109375,42.66416931152344,0.593650221824646
293,100,570.9771728515625,157.5032501220703,97.8951416015625,42.25848388671875,0.8109211325645447
294,100,563.0753173828125,156.28489685058594,94.19976806640625,40.44976806640625,0.8440853357315063
295,100,554.0420532226562,154.57484436035156,95.4105224609375,40.975799560546875,0.8043206930160522
296,100,547.3056030273438,152.6946563720703,92.6265869140625,39.67778015136719,0.8246710896492004
297,100,540.7943115234375,151.86436462402344,89.65765380859375,38.20045471191406,0.8048355579376221
298,100,532.8316040039062,151.36477661132812,89.5611572265625,38.117645263671875,0.8133195042610168
299,100,524.8543701171875,150.49278259277344,89.5255126953125,38.162200927734375,0.7231854200363159
300,100,516.7576293945312,148.15965270996094,91.0885009765625,39.05720520019531,0.7515214085578918
301,100,510.0383605957031,146.97799682617188,89.09359741210938,38.258453369140625,0.892379879951477
302,100,504.29083251953125,145.75509643554688,87.8626708984375,37.79063415527344,0.8951855897903442
303,100,498.9739074707031,144.90325927734375,84.25210571289062,36.189422607421875,0.8678050637245178
304,100,492.7682189941406,143.95916748046875,82.02224731445312,35.15374755859375,0.8471291065216064
305,100,486.9198913574219,143.4163055419922,80.41360473632812,34.41371154785156,0.8259091377258301
306,100,480.2000732421875,142.23516845703125,81.3609619140625,34.90235900878906,0.8134183883666992
307,100,474.5185852050781,141.15296936035156,79.79580688476562,34.26966857910156,0.832238495349884
308,100,468.7258605957031,139.91346740722656,79.53427124023438,34.09226989746094,0.8045768737792969
309,100,462.28302001953125,139.3636016845703,77.76068115234375,33.35597229003906,0.7975183129310608
310,100,457.3002014160156,139.02090454101562,75.14077758789062,32.11274719238281,0.8417231440544128
311,100,452.19891357421875,138.88636779785156,74.21734619140625,31.672119140625,0.8522077202796936
312,100,447.4744567871094,138.8520965576172,72.17959594726562,30.569854736328125,0.7758062481880188
313,100,442.8561706542969,138.55459594726562,70.78909301757812,29.794876098632812,0.7419903874397278
314,100,437.8467712402344,138.67176818847656,68.71939086914062,28.730194091796875,0.47666338086128235
315,100,434.24188232421875,138.57765197753906,66.8427734375,27.720718383789062,0.5581435561180115
316,100,429.0967102050781,138.23655700683594,66.66482543945312,27.392318725585938,0.3700214922428131
317,100,425.3247375488281,138.46929931640625,63.654937744140625,25.8056640625,0.3051547110080719
318,100,421.4075012207031,137.8997039794922,61.55926513671875,24.618820190429688,0.3553664982318878
319,100,416.3463134765625,137.66213989257812,60.225341796875,23.759536743164062,0.454865425825119
320,100,411.4465026855469,136.97036743164062,60.867340087890625,23.770217895507812,0.43966159224510193
328,100,367.24298095703125,121.61357879638672,72.71160888671875,29.274375915527344,0.6108818054199219
329,100,365.1615295410156,120.41571044921875,70.7528076171875,29.027206420898438,0.568361759185791
330,100,362.1904296875,120.10014343261719,67.54782104492188,28.110366821289062,0.40945136547088623
331,100,358.4146423339844,119.86009216308594,66.0572509765625,27.852371215820312,0.2885880768299103
332,100,356.1315612792969,120.07960510253906,61.800018310546875,26.160812377929688,0.2708401679992676
333,100,354.3561096191406,119.65132904052734,62.08050537109375,26.698936462402344,0.297073096036911
334,100,349.9911193847656,118.90438842773438,60.762054443359375,26.349288940429688,0.4434121251106262
335,100,348.2339172363281,118.74317932128906,57.400970458984375,24.878936767578125,0.4314658045768738
336,100,345.1697082519531,117.84646606445312,57.26116943359375,24.98681640625,0.5492371320724487
337,100,342.073974609375,117.51082611083984,56.61163330078125,24.90746307373047,0.5390692353248596
338,100,338.6188659667969,116.76301574707031,56.710479736328125,25.151962280273438,0.4888121485710144
339,100,337.0500183105469,117.04281616210938,54.68939208984375,24.267410278320312,0.35419636964797974
499,116,891.380859375,309.46429443359375,68.619140625,75.35418701171875,0.5058097839355469
505,117,179.7504425048828,158.60183715820312,39.45536804199219,24.152542114257812,0.33792799711227417
506,117,182.23062133789062,159.6841278076172,39.4405517578125,24.10748291015625,0.3696536719799042
507,117,179.1595001220703,157.24853515625,46.55552673339844,28.505264282226562,0.4203421175479889
509,117,178.76187133789062,155.4738006591797,53.81523132324219,33.04646301269531,0.37773948907852173
510,117,178.86212158203125,155.15966796875,56.705535888671875,34.8663330078125,0.2996222674846649
512,117,178.908203125,154.73423767089844,60.88658142089844,37.44685363769531,0.43843764066696167
513,117,178.97744750976562,154.5159912109375,62.89491271972656,38.72923278808594,0.6087971329689026
514,117,179.54515075683594,153.99229431152344,67.78376770019531,41.896148681640625,0.7659725546836853
515,117,182.37142944335938,154.59829711914062,69.12838745117188,42.75492858886719,0.44884687662124634
516,117,183.63623046875,154.67884826660156,71.67892456054688,44.624237060546875,0.4614393413066864
517,117,185.59999084472656,154.9412384033203,73.53367614746094,45.95909118652344,0.38789865374565125
518,117,188.2052001953125,155.6789093017578,74.75216674804688,46.994537353515625,0.4396026134490967
519,117,191.0015869140625,156.4008331298828,74.48114013671875,46.91021728515625,0.621146023273468
520,117,193.662841796875,156.61541748046875,75.64974975585938,47.847015380859375,0.4632045328617096
521,117,196.07196044921875,157.6801300048828,76.43728637695312,48.41839599609375,0.5839818120002747
522,117,199.4500274658203,159.0131378173828,77.10539245605469,49.034576416015625,0.6999410390853882
523,117,202.9032440185547,160.13116455078125,77.52470397949219,49.36773681640625,0.6710997819900513
524,117,205.637939453125,160.23045349121094,78.73519897460938,50.32261657714844,0.6842539310455322
525,117,207.154052734375,160.95816040039062,81.56607055664062,52.41864013671875,0.5560899972915649
526,117,210.38160705566406,162.23536682128906,81.93354797363281,52.73173522949219,0.7004111409187317
527,117,213.74844360351562,163.81594848632812,82.10723876953125,52.95161437988281,0.7283986210823059
528,117,216.0622100830078,165.03790283203125,83.35472106933594,54.01470947265625,0.6745893955230713
529,117,219.94451904296875,167.02401733398438,84.21051025390625,54.61283874511719,0.6105929613113403
530,117,223.64288330078125,168.69976806640625,84.92910766601562,55.06929016113281,0.6852937340736389
531,117,226.68960571289062,169.97450256347656,85.45361328125,55.44657897949219,0.6735426187515259
532,117,231.17991638183594,172.77862548828125,84.24546813964844,54.22798156738281,0.6702726483345032
533,117,233.8435516357422,174.44863891601562,86.47846984863281,55.5302734375,0.5911425352096558
534,117,237.3028564453125,175.23333740234375,89.40310668945312,57.337188720703125,0.5098015666007996
535,117,241.50318908691406,177.06771850585938,90.07902526855469,57.617095947265625,0.7341377139091492
536,117,244.9933624267578,177.68162536621094,92.84925842285156,59.53517150878906,0.6698504686355591
537,117,249.17117309570312,178.77464294433594,94.15969848632812,60.33760070800781,0.5807514786720276
538,117,253.62022399902344,179.67733764648438,94.75517272949219,60.774627685546875,0.6537676453590393
539,117,257.9371032714844,181.855712890625,96.29031372070312,61.573394775390625,0.5853127241134644
540,117,261.59893798828125,183.42599487304688,97.66250610351562,62.61048889160156,0.7368173003196716
541,117,265.7718200683594,184.91302490234375,99.43557739257812,63.7523193359375,0.699856162071228
542,117,271.2930908203125,187.54486083984375,98.89019775390625,63.26567077636719,0.7745348811149597
543,117,277.022216796875,189.4931640625,99.35482788085938,63.30909729003906,0.6753953099250793
544,117,281.81378173828125,191.41226196289062,101.16546630859375,64.36976623535156,0.6483724117279053
545,117,286.8124694824219,193.03817749023438,102.8648681640625,65.2164306640625,0.6973795294761658
546,117,291.37890625,193.8988037109375,105.47994995117188,66.94357299804688,0.4036458432674408
547,117,296.5238952636719,195.02098083496094,107.66900634765625,68.27485656738281,0.3446333706378937
548,117,300.9124755859375,197.6985626220703,110.02664184570312,69.55393981933594,0.7689803242683411
549,117,305.5587463378906,199.9815216064453,112.23355102539062,70.58283996582031,0.8380730152130127
550,117,311.4849853515625,202.187255859375,114.45376586914062,71.6396484375,0.8435741662979126
551,117,318.0848693847656,203.8986358642578,116.94406127929688,73.14009094238281,0.7052351832389832
552,117,324.9041442871094,206.73741149902344,117.48379516601562,73.24171447753906,0.6729616522789001
553,117,330.8766784667969,208.92080688476562,120.71981811523438,75.19448852539062,0.587171196937561
554,117,337.9946594238281,211.46762084960938,121.70205688476562,75.56866455078125,0.39667099714279175
555,117,347.3116149902344,217.9641571044922,118.41891479492188,72.83094787597656,0.3649643063545227
556,117,352.5692138671875,220.0594940185547,121.86334228515625,74.27424621582031,0.676700234413147
557,117,358.5697937011719,220.57598876953125,127.89181518554688,77.87020874023438,0.7316300868988037
558,117,365.2001953125,221.812255859375,131.74224853515625,80.07833862304688,0.7158472537994385
559,117,372.2633056640625,224.05697631835938,133.76889038085938,81.040283203125,0.8128091096878052
560,117,378.5608215332031,226.12181091308594,137.98825073242188,83.52912902832031,0.7029695510864258
561,117,385.6677551269531,228.24252319335938,141.12673950195312,85.321044921875,0.6137528419494629
562,117,394.44964599609375,231.85202026367188,142.93505859375,86.23416137695312,0.7436859011650085
563,117,402.73345947265625,234.39505004882812,146.2017822265625,87.90289306640625,0.8114543557167053
564,117,411.3591003417969,237.89332580566406,148.40548706054688,88.94029235839844,0.6021330952644348
565,117,419.1192626953125,241.07919311523438,152.97808837890625,91.407958984375,0.7684022188186646
566,117,428.05096435546875,243.32217407226562,155.77532958984375,92.87405395507812,0.6760595440864563
567,117,437.3092041015625,246.00401306152344,158.794189453125,94.35527038574219,0.5975092649459839
568,117,446.5751037597656,248.04161071777344,163.62704467773438,97.08445739746094,0.8663972616195679
569,117,455.364013671875,250.5562744140625,169.08013916015625,100.38442993164062,0.7951773405075073
570,117,466.0924072265625,254.1815643310547,171.24700927734375,101.49034118652344,0.791222095489502
571,117,478.688720703125,258.82098388671875,174.234619140625,102.66595458984375,0.8220289945602417
572,117,487.4958801269531,263.0511779785156,175.99942016601562,103.60665893554688,0.7757492065429688
573,117,497.5408935546875,267.2649841308594,180.76739501953125,106.37069702148438,0.8158277869224548
574,117,510.46533203125,270.90185546875,183.25457763671875,107.31539916992188,0.5819971561431885
575,117,522.7935180664062,274.6457824707031,187.365478515625,109.30599975585938,0.4288425147533417
576,117,533.5139770507812,278.43182373046875,196.0931396484375,114.41452026367188,0.6609464287757874
577,117,546.8548583984375,283.9950256347656,198.35076904296875,115.40280151367188,0.7396531105041504
578,117,558.8844604492188,288.8486633300781,203.75347900390625,118.39764404296875,0.7301386594772339
579,117,570.3191528320312,293.7740173339844,208.41253662109375,121.24166870117188,0.7071341276168823
580,117,577.92578125,296.0966796875,219.0194091796875,128.61288452148438,0.34717756509780884
581,117,587.8639526367188,296.0843200683594,229.3541259765625,136.27920532226562,0.4897582232952118
582,117,607.262451171875,296.84857177734375,242.0322265625,145.05712890625,0.32395118474960327
583,117,618.4954833984375,297.87628173828125,254.17950439453125,153.5223388671875,0.3312968611717224
584,117,629.3677978515625,300.09906005859375,264.8648681640625,160.48782348632812,0.5800170302391052
584,130,635.0517578125,296.1541748046875,249.58966064453125,164.699951171875,0.389718234539032
585,117,647.769287109375,307.55767822265625,267.3822021484375,162.1693115234375,0.35814520716667175
585,130,675.6780395507812,320.0141296386719,224.61981201171875,147.649169921875,0.30463021993637085
586,117,674.6089477539062,323.1736755371094,259.2867431640625,156.6256103515625,0.395026832818985
586,130,697.1102294921875,331.6725158691406,227.24908447265625,148.75033569335938,0.5480402708053589
587,117,694.3731689453125,333.8404846191406,260.49249267578125,157.14669799804688,0.7788777351379395
588,117,702.9561767578125,337.6925048828125,257.0438232421875,164.75018310546875,0.7971215844154358
589,117,711.9799194335938,338.9999694824219,248.02008056640625,171.68798828125,0.804709255695343
590,117,723.7897338867188,336.3829345703125,236.21026611328125,173.82962036132812,0.6401944160461426
591,117,737.7849731445312,336.42431640625,222.21502685546875,173.525390625,0.4419246315956116
593,117,789.3378295898438,368.08880615234375,170.66217041015625,141.18527221679688,0.6984688639640808
594,117,815.7808837890625,384.2979431152344,144.2191162109375,120.35394287109375,0.7345801591873169
595,117,836.4315185546875,396.58380126953125,123.5684814453125,109.51052856445312,0.7871251702308655
596,117,853.1611938476562,406.444091796875,106.83880615234375,108.181884765625,0.8132140636444092
658,136,838.2516479492188,216.5495147705078,121.74835205078125,59.96812438964844,0.8102999925613403
659,136,821.642333984375,212.73501586914062,128.42388916015625,61.278717041015625,0.7964833974838257
660,136,803.2750854492188,210.0635528564453,125.5802001953125,59.55189514160156,0.8722925186157227
660,138,64.83918762207031,115.83702850341797,30.48143768310547,19.435508728027344,0.3769599199295044
661,136,787.8050537109375,205.85574340820312,118.00567626953125,55.3941650390625,0.8289427757263184
661,138,65.65225982666016,114.99151611328125,31.24195098876953,19.908599853515625,0.5874379277229309
662,136,771.8046875,204.36614990234375,111.0213623046875,51.41242980957031,0.8505126237869263
662,138,65.75847625732422,115.19734954833984,32.09840393066406,20.445396423339844,0.6175953149795532
663,136,753.6846923828125,201.0398712158203,112.22723388671875,51.42655944824219,0.759749710559845
663,138,66.49459075927734,115.93024444580078,32.409400939941406,20.66167449951172,0.6209509968757629
664,136,736.6755981445312,195.74305725097656,114.60272216796875,52.06159973144531,0.7897462248802185
664,138,67.3724594116211,116.48992156982422,32.317100524902344,20.596336364746094,0.5697376132011414
665,136,717.555419921875,192.5667724609375,112.3575439453125,50.88499450683594,0.7412211298942566
665,138,67.50910949707031,116.64603424072266,33.23512268066406,21.188026428222656,0.5288461446762085
666,136,703.2589721679688,189.99720764160156,115.40472412109375,52.046051025390625,0.7330907583236694
666,138,67.75777435302734,116.75161743164062,34.020164489746094,21.679779052734375,0.4850415885448456
667,136,692.5382080078125,186.51390075683594,110.76580810546875,49.41481018066406,0.7879348397254944
667,138,68.48355102539062,116.80790710449219,34.85436248779297,22.325775146484375,0.42676690220832825
668,136,678.2069091796875,183.92955017089844,108.80548095703125,48.11138916015625,0.8607807755470276
668,138,69.49327850341797,116.75997161865234,36.09089660644531,23.40882110595703,0.30912330746650696
669,136,665.0084228515625,182.1584930419922,106.96337890625,46.84825134277344,0.8802812099456787
670,136,653.489501953125,180.66151428222656,104.69000244140625,45.356353759765625,0.8787826895713806
671,136,639.3289184570312,177.12979125976562,107.7894287109375,46.60009765625,0.8346603512763977
672,136,628.1736450195312,174.2371826171875,105.02850341796875,45.18034362792969,0.8152387142181396
673,136,616.2794189453125,172.321044921875,104.90069580078125,44.97502136230469,0.8298055529594421
674,136,604.7235717773438,170.43690490722656,103.1513671875,44.10951232910156,0.8157535195350647
675,136,595.119873046875,167.4481201171875,101.70947265625,43.431182861328125,0.8494827151298523
676,136,585.518310546875,164.66432189941406,98.32855224609375,41.82310485839844,0.8813077807426453
677,136,574.6170654296875,162.8431396484375,98.17462158203125,41.6220703125,0.846859872341156
678,136,563.99755859375,161.49253845214844,96.79315185546875,41.04603576660156,0.8363300561904907
679,136,555.3528442382812,159.1650848388672,95.18463134765625,40.38127136230469,0.8585230112075806
680,136,546.6233520507812,157.36819458007812,93.43865966796875,39.54969787597656,0.9252339005470276
681,136,537.044677734375,155.32208251953125,92.9154052734375,39.38658142089844,0.9136950969696045
682,136,527.8195190429688,153.0880584716797,91.953857421875,39.06144714355469,0.8201621770858765
683,136,519.8825073242188,150.99908447265625,90.81732177734375,38.76914978027344,0.8253259658813477
683,139,135.97174072265625,310.86468505859375,43.305908203125,63.441070556640625,0.4129071831703186
684,136,511.94036865234375,149.18661499023438,89.93426513671875,38.57441711425781,0.8377588391304016
684,139,139.2445068359375,313.6332702636719,43.176116943359375,63.34228515625,0.2924322783946991
685,136,503.53936767578125,147.09288024902344,88.43060302734375,38.125213623046875,0.8950442671775818
686,136,496.6730041503906,145.49566650390625,86.63595581054688,37.4349365234375,0.8964298963546753
686,139,142.1914825439453,312.3568420410156,46.91633605957031,68.818359375,0.3447352945804596
687,136,490.8011474609375,144.1339569091797,83.7872314453125,36.16691589355469,0.8565019965171814
687,139,147.03286743164062,319.58355712890625,43.81950378417969,64.09677124023438,0.39298635721206665
688,136,483.3199157714844,143.89840698242188,82.34371948242188,35.66914367675781,0.8647329807281494
688,139,149.89710998535156,325.1655578613281,42.702972412109375,62.362335205078125,0.30404427647590637
689,136,476.02789306640625,143.35264587402344,81.46533203125,35.42779541015625,0.8669935464859009
689,139,152.30596923828125,329.88397216796875,41.6678466796875,60.837188720703125,0.3956325352191925
690,136,469.7366027832031,142.31834411621094,80.23068237304688,34.835540771484375,0.847409188747406
690,139,155.45252990722656,335.1745910644531,40.71977233886719,58.93402099609375,0.31595152616500854
691,136,461.972412109375,140.9094696044922,80.62860107421875,35.238311767578125,0.8892010450363159
691,139,156.40994262695312,336.45806884765625,42.46173095703125,61.163360595703125,0.3781179189682007
692,136,455.4617614746094,139.5516357421875,78.22225952148438,34.153533935546875,0.8477176427841187
693,136,449.71368408203125,138.75735473632812,76.359130859375,33.29426574707031,0.8762574791908264
694,136,444.14190673828125,138.53529357910156,73.290771484375,31.881515502929688,0.7461065053939819
694,139,159.38958740234375,334.9148254394531,48.22395324707031,69.9749755859375,0.32628506422042847
695,136,439.469482421875,138.31431579589844,70.19247436523438,30.4190673828125,0.6682664155960083
696,136,434.3016052246094,138.10328674316406,67.8135986328125,29.219589233398438,0.5651981830596924
706,144,199.83761596679688,375.68365478515625,43.29130554199219,68.25677490234375,0.45889732241630554
706,146,188.90328979492188,355.69586181640625,56.462310791015625,86.83761596679688,0.3996390998363495
706,136,378.59722900390625,123.64271545410156,67.03683471679688,29.756546020507812,0.6908044219017029
707,136,374.86102294921875,121.5795669555664,66.09188842773438,30.016990661621094,0.7221972942352295
708,136,371.7608337402344,120.11553955078125,65.00070190429688,29.874649047851562,0.7102912664413452
709,136,369.79144287109375,120.02863311767578,62.453155517578125,28.91205596923828,0.741590678691864
709,147,210.86949157714844,384.4710693359375,41.309844970703125,69.2158203125,0.3697274625301361
710,136,366.56243896484375,119.65797424316406,60.6488037109375,28.257827758789062,0.7115399837493896
711,136,361.46917724609375,119.30512237548828,60.507232666015625,28.38152313232422,0.5680962204933167
712,136,359.13421630859375,119.01396942138672,56.966552734375,26.70221710205078,0.5301559567451477
713,136,355.6312255859375,118.82354736328125,56.017578125,26.198577880859375,0.4567606747150421
714,136,352.7725830078125,118.01187896728516,55.363189697265625,25.832435607910156,0.36459794640541077
714,149,176.0662078857422,153.74839782714844,46.94697570800781,27.211639404296875,0.5298929810523987
715,136,348.8591613769531,116.72090911865234,55.203125,25.73188018798828,0.5659489631652832
715,149,177.09254455566406,154.2207489013672,49.35322570800781,28.623764038085938,0.6849882006645203
716,136,344.8223876953125,116.38009643554688,54.77471923828125,25.477630615234375,0.5538960099220276
716,149,176.3113555908203,153.87106323242188,52.336029052734375,30.366592407226562,0.699772834777832
717,136,340.8807678222656,115.81342315673828,53.306793212890625,24.785301208496094,0.5503770709037781
717,149,176.65386962890625,153.14215087890625,55.50587463378906,32.20143127441406,0.8145990371704102
718,136,337.8968200683594,115.9091796875,51.28033447265625,23.723419189453125,0.610126793384552
718,149,177.59707641601562,152.76966857910156,58.70439147949219,34.078216552734375,0.8534974455833435
719,136,335.5854797363281,116.33601379394531,48.8035888671875,22.384521484375,0.43343010544776917
719,149,178.43643188476562,152.99569702148438,61.96759033203125,36.054901123046875,0.8670473694801331
719,151,236.9580841064453,408.49853515625,55.41636657714844,86.91128540039062,0.5137916207313538
720,136,333.19921875,116.83122253417969,45.856231689453125,20.695404052734375,0.2864321172237396
720,149,179.3449249267578,152.8834686279297,65.43576049804688,38.206207275390625,0.9125121235847473
720,151,236.13250732421875,402.2209167480469,63.60186767578125,99.8216552734375,0.5216653347015381
721,149,181.20693969726562,152.95614624023438,67.57649230957031,39.70068359375,0.8595804572105408
722,149,183.62405395507812,153.89491271972656,69.424072265625,40.99803161621094,0.8757453560829163
723,149,186.21226501464844,154.6380157470703,70.56956481933594,41.99833679199219,0.8382986187934875
723,151,258.45550537109375,431.7062683105469,55.55780029296875,87.42422485351562,0.44777557253837585
724,149,188.73529052734375,154.9491729736328,71.34674072265625,42.77650451660156,0.8191905617713928
725,149,191.06980895996094,155.1179962158203,73.19230651855469,44.27259826660156,0.8510316610336304
726,149,193.38174438476562,155.6575469970703,74.6956787109375,45.69584655761719,0.8089430928230286
727,149,196.8166046142578,155.92904663085938,75.71656799316406,46.82725524902344,0.821645975112915
728,149,201.5000457763672,157.78993225097656,74.33088684082031,46.35191345214844,0.8805263638496399
729,149,205.1817626953125,158.55313110351562,75.36422729492188,47.4547119140625,0.838504433631897
730,149,208.54888916015625,159.28952026367188,76.15576171875,48.29975891113281,0.8353562951087952
731,149,212.72645568847656,160.7434844970703,76.04640197753906,48.549774169921875,0.8401804566383362
732,149,215.29331970214844,161.34327697753906,78.37507629394531,50.44696044921875,0.830900251865387
733,149,219.84507751464844,163.68161010742188,78.62940979003906,50.830718994140625,0.8159334659576416
734,149,223.0553741455078,164.9367218017578,79.77732849121094,52.08758544921875,0.8279350996017456
735,149,226.36329650878906,165.75015258789062,82.25825500488281,54.08660888671875,0.7716946601867676
736,149,231.0996856689453,167.9236602783203,81.18724060058594,53.4078369140625,0.8175376057624817
737,149,234.95962524414062,169.68588256835938,82.72323608398438,54.53956604003906,0.7723969221115112
738,149,240.59413146972656,172.2516632080078,81.94227600097656,54.02238464355469,0.7705916166305542
739,149,244.57130432128906,172.9501953125,84.26960754394531,55.78172302246094,0.7454003691673279
740,149,249.28402709960938,174.3189697265625,85.48770141601562,56.64088439941406,0.7806308269500732
741,149,254.56141662597656,175.69110107421875,86.13722229003906,57.15003967285156,0.815768301486969
742,149,258.0108642578125,177.2276153564453,89.25985717773438,59.31135559082031,0.8307237029075623
743,149,263.796875,180.1139678955078,89.42440795898438,59.39122009277344,0.7229214906692505
744,149,268.48236083984375,181.85052490234375,91.60272216796875,60.935943603515625,0.7957954406738281
745,149,274.06915283203125,184.36268615722656,91.74337768554688,60.74609375,0.8230040073394775
746,149,278.33111572265625,185.14060974121094,96.34353637695312,64.05540466308594,0.8513996005058289
747,149,285.76708984375,188.71578979492188,96.167236328125,63.74238586425781,0.8547003865242004
748,149,292.2881774902344,191.33660888671875,96.93359375,63.92979431152344,0.8416091799736023
749,149,297.7563781738281,194.09873962402344,99.95016479492188,65.71620178222656,0.8733339309692383
750,149,303.70867919921875,197.2558135986328,101.88333129882812,66.62879943847656,0.8914516568183899
751,149,309.32891845703125,200.0315704345703,104.14971923828125,67.69468688964844,0.8687732815742493
752,149,316.6772155761719,203.413330078125,106.51284790039062,68.84445190429688,0.8368384838104248
753,149,323.8763732910156,205.05516052246094,110.66604614257812,71.22407531738281,0.8690535426139832
754,149,330.56427001953125,207.60830688476562,113.20806884765625,72.721923828125,0.8520922660827637
755,149,337.93048095703125,212.54473876953125,114.28475952148438,73.02285766601562,0.8216560482978821
756,149,346.6341552734375,217.3803253173828,114.5897216796875,72.49284362792969,0.7976853847503662
757,149,354.1067199707031,221.39700317382812,117.68338012695312,73.77996826171875,0.8269591927528381
758,149,360.9068603515625,222.81552124023438,124.49630737304688,77.89401245117188,0.8473976254463196
759,149,368.96826171875,224.65704345703125,128.54891967773438,80.17788696289062,0.8069389462471008
760,149,377.4038391113281,226.81997680664062,133.36141967773438,82.99560546875,0.8135949373245239
761,149,386.9453125,230.47035217285156,136.224853515625,84.33049011230469,0.7924370169639587
762,149,396.4263000488281,233.4045867919922,140.47805786132812,86.65992736816406,0.8276563882827759
763,149,405.8733215332031,236.92005920410156,144.56600952148438,88.87312316894531,0.810391902923584
764,149,416.0758361816406,242.1033172607422,147.21749877929688,89.91477966308594,0.8235564827919006
765,149,427.8191833496094,246.4415740966797,150.96255493164062,91.69132995605469,0.8123984932899475
766,149,439.6654052734375,250.50782775878906,156.04461669921875,94.35130310058594,0.8786393404006958
767,149,451.2185974121094,254.62255859375,160.38894653320312,96.59356689453125,0.8866589665412903
768,149,464.0212097167969,259.8601989746094,165.56735229492188,99.17831420898438,0.830881655216217
769,149,473.9569396972656,264.7386169433594,168.62112426757812,100.9373779296875,0.8231315612792969
770,149,487.468017578125,269.98199462890625,173.75421142578125,103.70123291015625,0.8403505682945251
771,149,484.2726745605469,274.3684997558594,214.31069946289062,130.57070922851562,0.5734059810638428
772,149,509.0627746582031,279.5145263671875,199.22732543945312,120.52487182617188,0.6399886012077332
773,149,529.1080322265625,283.9013671875,196.285400390625,117.89398193359375,0.7784126996994019
774,149,546.114013671875,286.9794616699219,200.0003662109375,119.59750366210938,0.8571004867553711
775,149,560.8303833007812,289.6611328125,208.50665283203125,124.48654174804688,0.7293293476104736
776,149,573.296875,289.8238830566406,222.7706298828125,133.44119262695312,0.5430099964141846
777,149,582.3732299804688,289.6202392578125,235.6217041015625,143.19064331054688,0.27782368659973145
778,149,601.6183471679688,289.6074523925781,251.30462646484375,154.1422119140625,0.5699138641357422
779,149,614.9727172851562,289.7278747558594,268.1583251953125,165.28823852539062,0.5992066860198975
780,149,624.2597045898438,289.5741882324219,287.69281005859375,177.73141479492188,0.5589484572410583
781,149,665.5918579101562,315.2806091308594,267.99615478515625,163.67657470703125,0.7437072992324829
782,149,691.9239501953125,330.12103271484375,264.01611328125,160.82485961914062,0.8531159162521362
783,149,705.7994384765625,340.9035949707031,254.2005615234375,165.48974609375,0.7109545469284058
784,149,715.5107421875,353.06365966796875,244.4892578125,172.24139404296875,0.5572319626808167
788,149,806.5575561523438,392.81573486328125,153.44244384765625,127.7080078125,0.7038735747337341
848,163,40.106204986572266,55.00211715698242,33.96969223022461,17.65365219116211,0.41746675968170166
849,163,38.13401412963867,54.49272155761719,34.81754684448242,18.046783447265625,0.3106008470058441
850,163,38.67341613769531,54.8114128112793,34.557838439941406,17.850093841552734,0.3060656487941742
852,163,38.90920639038086,55.57491683959961,34.074832916259766,17.548038482666016,0.26662200689315796
853,163,39.428375244140625,55.859561920166016,33.44318389892578,17.184955596923828,0.31821197271347046
855,163,38.71345520019531,56.266300201416016,33.731956481933594,17.24453353881836,0.30638739466667175
859,163,37.349456787109375,55.815670013427734,34.54383087158203,17.46756362915039,0.27946770191192627
863,163,40.019500732421875,58.34947967529297,32.28221893310547,16.538955688476562,0.3127126097679138
864,163,42.1125602722168,58.59975814819336,30.78615951538086,16.061847686767578,0.31122854351997375
866,163,40.93117141723633,59.182647705078125,30.617633819580078,16.077255249023438,0.2600424885749817
907,169,42.8875732421875,215.64576721191406,36.017478942871094,57.31437683105469,0.40339356660842896
908,169,40.42634963989258,217.6831817626953,35.442508697509766,56.56910705566406,0.29354429244995117
909,169,41.83402633666992,218.64389038085938,36.106502532958984,57.641815185546875,0.3232584595680237
911,169,41.80307388305664,220.28456115722656,36.38180160522461,58.58613586425781,0.2917552888393402
913,169,42.361507415771484,221.25015258789062,35.68851852416992,58.369873046875,0.2894268035888672
948,173,56.52672576904297,270.5419006347656,34.512779235839844,51.889678955078125,0.43207600712776184
949,173,56.92567825317383,272.1247863769531,34.93556594848633,52.5335693359375,0.38968372344970703
950,173,58.98943328857422,276.03192138671875,32.84056854248047,49.48065185546875,0.27212464809417725
953,173,54.12705612182617,276.74322509765625,37.433109283447266,56.4703369140625,0.33163997530937195
957,173,50.77412033081055,283.7955627441406,36.365116119384766,54.44427490234375,0.43934181332588196
958,173,45.22005844116211,284.698974609375,44.532344818115234,67.87615966796875,0.39871644973754883
959,173,45.7431640625,285.5269775390625,42.04554748535156,64.00860595703125,0.32377415895462036
960,173,46.084083557128906,289.5044860839844,39.00798034667969,58.787261962890625,0.3317820131778717
964,173,39.5335578918457,297.019775390625,37.35358810424805,53.921356201171875,0.28345274925231934
966,173,33.16024398803711,296.4180603027344,39.940250396728516,55.513702392578125,0.3397700786590576
967,173,29.63937759399414,293.0583190917969,43.76993942260742,59.09991455078125,0.3152208924293518
968,178,23.289287567138672,295.3800354003906,55.45125961303711,82.847412109375,0.3470785915851593
969,178,23.645355224609375,295.9006652832031,55.76080322265625,83.44668579101562,0.3143402934074402
973,178,25.87751579284668,320.6253662109375,42.405372619628906,62.869171142578125,0.4295724034309387
