1,1,322.13,123.73,58.6,34.07,1,1,0.4775
1,2,562.13,174.93,118.34,53.27,1,1,0.358
2,1,318.29,123.31,58.39,33.21,1,1,0.5026
2,2,554.45,173.01,116.42,52.84,1,1,0.3594
3,1,314.45,122.88,58.18,32.36,1,1,0.5365
3,2,546.77,171.09,114.5,52.42,1,1,0.3787
4,1,310.61,122.45,57.96,31.51,1,1,0.4935
4,2,539.09,169.17,112.58,51.99,1,1,0.3742
5,1,306.77,122.03,57.75,30.65,1,1,0.5312
5,2,531.41,167.25,110.66,51.56,1,1,0.367
6,1,302.93,121.6,57.54,29.8,1,1,0.506
6,2,523.73,165.33,108.74,51.14,1,1,0.4057
7,2,516.27,164.05,107.66,50.28,1,1,0.3968
8,2,508.8,162.77,106.6,49.43,1,1,0.3982
9,2,501.33,161.49,105.54,48.58,1,1,0.385
10,2,493.87,160.21,104.46,47.72,1,1,0.3736
11,2,486.4,158.93,103.4,46.87,1,1,0.3642
12,2,481.07,157.44,101.48,46.87,1,1,0.4015
13,2,475.73,155.95,99.56,46.86,1,1,0.3886
14,2,470.4,154.45,97.64,46.87,1,1,0.3813
15,2,465.07,152.96,95.72,46.87,1,1,0.3697
16,2,459.73,151.47,93.8,46.86,1,1,0.3583
17,2,454.19,150.4,92.94,46.44,1,1,0.3799
18,2,448.64,149.33,92.09,46.02,1,1,0.3698
19,2,443.09,148.27,91.24,45.58,1,1,0.3516
20,2,437.55,147.2,90.38,45.16,1,1,0.3311
21,2,432.0,146.13,89.53,44.74,1,1,0.3141
22,2,426.88,145.07,87.83,43.88,1,1,0.3487
23,2,421.76,144.0,86.12,43.03,1,1,0.3279
24,2,416.64,142.93,84.41,42.18,1,1,0.3129
25,2,411.52,141.87,82.71,41.32,1,1,0.3504
26,2,406.4,140.8,81.0,40.47,1,1,0.3853
27,2,402.13,140.37,79.72,38.98,1,1,0.3586
28,2,397.87,139.95,78.44,37.48,1,1,0.3874
29,2,393.6,139.52,77.16,35.99,1,1,0.3642
30,2,389.33,139.09,75.88,34.5,1,1,0.3984
31,2,385.07,138.67,74.6,33.0,1,1,0.4366
32,2,379.73,137.6,74.6,34.49,1,1,0.4196
33,2,374.4,136.53,74.6,35.99,1,1,0.3743
34,2,369.07,135.47,74.6,37.48,1,1,0.3486
35,2,363.73,134.4,74.6,38.97,1,1,0.3608
36,2,358.4,133.33,74.6,40.47,1,1,0.3131
36,3,922.67,260.27,38.33,46.86,1,1,0.2104
37,2,354.35,132.48,73.32,39.61,1,1,0.3473
37,3,906.03,254.08,54.97,53.27,1,1,0.2679
38,2,350.29,131.63,72.04,38.76,1,1,0.3707
38,3,889.39,247.89,71.61,59.67,1,1,0.2855
39,2,346.24,130.77,70.76,37.91,1,1,0.4017
39,3,872.75,241.71,88.25,66.06,1,1,0.2769
40,2,342.19,129.92,69.48,37.05,1,1,0.386
40,3,856.11,235.52,104.89,72.47,1,1,0.3102
41,2,338.13,129.07,68.2,36.2,1,1,0.4199
41,3,839.47,229.33,121.53,78.87,1,1,0.0128
42,2,334.72,128.21,67.13,35.56,1,1,0.444
42,3,821.12,225.07,139.88,77.16,1,1,0.0606
43,2,331.31,127.36,66.06,34.92,1,1,0.4849
43,3,802.77,220.8,138.82,75.45,1,1,0.0288
44,2,327.89,126.51,65.0,34.28,1,1,0.4528
44,3,784.43,216.53,143.72,73.75,1,1,0.0
45,2,324.48,125.65,63.93,33.64,1,1,0.4946
45,3,766.08,212.27,148.63,72.04,1,1,0.0
46,2,321.07,124.8,62.86,33.0,1,1,0.5283
46,3,747.73,208.0,153.54,70.33,1,1,0.0035
47,2,317.01,124.16,62.87,32.57,1,1,0.5549
47,3,732.59,205.23,149.69,68.84,1,1,0.0112
48,2,312.96,123.52,62.87,32.15,1,1,0.5412
48,3,717.44,202.45,145.85,67.35,1,1,0.0058
49,2,308.91,122.88,62.86,31.72,1,1,0.4857
49,3,702.29,199.68,142.02,65.85,1,1,0.104
50,2,304.85,122.24,62.87,31.29,1,1,0.5349
50,3,687.15,196.91,138.17,64.36,1,1,0.3992
51,2,300.8,121.6,62.87,30.87,1,1,0.5452
51,3,672.0,194.13,134.33,62.87,1,1,0.3797
52,3,660.69,190.72,131.14,62.87,1,1,0.4115
53,3,649.39,187.31,127.93,62.86,1,1,0.4288
54,3,638.08,183.89,124.73,62.87,1,1,0.4153
55,3,626.77,180.48,121.54,62.87,1,1,0.4174
56,3,615.47,177.07,118.33,62.86,1,1,0.431
56,4,937.6,232.53,23.4,47.94,1,1,1.0
57,3,605.01,175.36,115.78,61.8,1,1,0.4064
57,4,923.73,228.27,37.27,50.28,1,1,1.0
58,3,594.56,173.65,113.21,60.74,1,1,0.4009
58,4,909.87,224.0,51.13,52.63,1,1,1.0
59,3,584.11,171.95,110.65,59.66,1,1,0.4133
59,4,896.0,219.73,65.0,54.98,1,1,1.0
60,3,573.65,170.24,108.1,58.6,1,1,0.3777
60,4,882.13,215.47,78.87,57.32,1,1,1.0
61,3,563.2,168.53,105.53,57.54,1,1,0.3779
61,4,868.27,211.2,92.73,59.67,1,1,1.0
62,3,554.24,166.61,103.19,55.83,1,1,0.3857
62,4,856.53,208.64,104.47,61.37,1,1,0.9837
63,3,545.28,164.69,100.84,54.12,1,1,0.4348
63,4,844.8,206.08,116.2,63.08,1,1,0.8712
64,3,536.32,162.77,98.49,52.42,1,1,0.4086
64,4,833.07,203.52,127.93,64.79,1,1,0.8371
65,3,527.36,160.85,96.15,50.71,1,1,0.435
65,4,821.33,200.96,139.67,66.49,1,1,0.867
66,3,518.4,158.93,93.8,49.0,1,1,0.43
66,4,809.6,198.4,151.4,68.2,1,1,0.8613
67,3,510.29,156.8,92.31,48.36,1,1,0.483
67,4,798.93,195.84,144.36,67.13,1,1,0.8549
68,3,502.19,154.67,90.81,47.72,1,1,0.4889
68,4,788.27,193.28,142.65,66.07,1,1,0.869
69,3,494.08,152.53,89.32,47.08,1,1,0.5137
69,4,777.6,190.72,140.95,65.0,1,1,0.8667
70,3,485.97,150.4,87.83,46.44,1,1,0.5084
70,4,766.93,188.16,139.24,63.93,1,1,0.8635
71,3,477.87,148.27,86.33,45.8,1,1,0.5188
71,4,756.27,185.6,137.53,62.87,1,1,0.8627
72,3,471.25,147.2,84.63,44.52,1,1,0.577
72,4,746.88,183.89,135.61,62.02,1,1,0.8601
73,3,464.64,146.13,82.92,43.24,1,1,0.5636
73,4,737.49,182.19,133.7,61.16,1,1,0.8885
74,3,458.03,145.07,81.21,41.96,1,1,0.5485
74,4,728.11,180.48,131.77,60.31,1,1,0.8947
75,3,451.41,144.0,79.51,40.68,1,1,0.593
75,4,718.72,178.77,129.85,59.46,1,1,0.9926
76,3,444.8,142.93,77.8,39.4,1,1,0.5419
76,4,709.33,177.07,127.94,58.6,1,1,1.0
77,3,438.19,141.23,76.94,39.4,1,1,0.5786
77,4,699.52,174.72,125.8,58.39,1,1,1.0
78,3,431.57,139.52,76.1,39.4,1,1,0.5881
78,4,689.71,172.37,123.66,58.18,1,1,1.0
79,3,424.96,137.81,75.24,39.4,1,1,0.6407
79,4,679.89,170.03,121.54,57.96,1,1,1.0
80,3,418.35,136.11,74.38,39.4,1,1,0.6384
80,4,670.08,167.68,119.4,57.75,1,1,1.0
81,3,411.73,134.4,73.54,39.4,1,1,0.6019
81,4,660.27,165.33,117.26,57.54,1,1,1.0
82,3,406.4,133.33,72.47,38.76,1,1,0.5849
82,4,652.16,164.05,115.35,56.68,1,1,1.0
83,3,401.07,132.27,71.4,38.12,1,1,0.6458
83,4,644.05,162.77,113.43,55.83,1,1,1.0
84,3,395.73,131.2,70.34,37.48,1,1,0.697
84,4,635.95,161.49,111.5,54.98,1,1,1.0
85,3,390.4,130.13,69.27,36.84,1,1,0.692
85,4,627.84,160.21,109.59,54.12,1,1,1.0
86,3,385.07,129.07,68.2,36.2,1,1,0.6999
86,4,619.73,158.93,107.67,53.27,1,1,1.0
87,3,380.37,128.21,66.71,35.78,1,1,0.6854
87,4,612.69,157.65,106.39,52.63,1,1,1.0
88,3,375.68,127.36,65.21,35.35,1,1,0.6857
88,4,605.65,156.37,105.11,51.99,1,1,1.0
89,3,370.99,126.51,63.72,34.92,1,1,0.738
89,4,598.61,155.09,103.83,51.35,1,1,1.0
90,3,366.29,125.65,62.23,34.5,1,1,0.6677
90,4,591.57,153.81,102.55,50.71,1,1,1.0
91,3,361.6,124.8,60.73,34.07,1,1,0.7111
91,4,584.53,152.53,101.27,50.07,1,1,1.0
92,3,357.55,124.16,59.45,33.43,1,1,0.7962
92,4,577.07,152.11,100.2,49.42,1,1,1.0
93,3,353.49,123.52,58.18,32.79,1,1,0.746
93,4,569.6,151.68,99.13,48.79,1,1,1.0
94,3,349.44,122.88,56.89,32.15,1,1,0.7884
94,4,562.13,151.25,98.07,48.15,1,1,1.0
95,3,345.39,122.24,55.61,31.51,1,1,0.8602
95,4,554.67,150.83,97.0,47.5,1,1,1.0
96,3,341.33,121.6,54.34,30.87,1,1,0.8031
96,4,547.2,150.4,95.93,46.87,1,1,1.0
97,3,336.64,120.96,54.12,30.65,1,1,0.8719
97,4,540.16,148.69,94.65,46.87,1,1,1.0
98,3,331.95,120.32,53.9,30.44,1,1,0.8558
98,4,533.12,146.99,93.37,46.86,1,1,1.0
99,3,327.25,119.68,53.7,30.23,1,1,0.8197
99,4,526.08,145.28,92.09,46.87,1,1,1.0
100,3,322.56,119.04,53.48,30.01,1,1,0.7844
100,4,519.04,143.57,90.81,46.87,1,1,1.0
101,3,317.87,118.4,53.26,29.8,1,1,0.7882
101,4,512.0,141.87,89.53,46.86,1,1,1.0
102,4,506.67,141.01,88.04,46.44,1,1,1.0
103,4,501.33,140.16,86.55,46.01,1,1,1.0
104,4,496.0,139.31,85.05,45.58,1,1,1.0
105,4,490.67,138.45,83.56,45.16,1,1,1.0
106,4,485.33,137.6,82.07,44.73,1,1,1.0
107,4,479.79,136.96,81.42,43.45,1,1,1.0
108,4,474.24,136.32,80.79,42.17,1,1,1.0
109,4,468.69,135.68,80.15,40.89,1,1,1.0
110,4,463.15,135.04,79.5,39.61,1,1,1.0
111,4,457.6,134.4,78.87,38.33,1,1,1.0
111,5,931.2,238.93,29.8,50.07,1,1,1.0
112,4,453.12,133.55,78.01,38.54,1,1,1.0
112,5,919.68,235.73,41.32,51.14,1,1,1.0
113,4,448.64,132.69,77.16,38.76,1,1,1.0
113,5,908.16,232.53,52.84,52.2,1,1,1.0
114,4,444.16,131.84,76.31,38.97,1,1,1.0
114,5,896.64,229.33,64.36,53.27,1,1,1.0
115,4,439.68,130.99,75.45,39.18,1,1,1.0
115,5,885.12,226.13,75.88,54.34,1,1,1.0
116,4,435.2,130.13,74.6,39.4,1,1,1.0
116,5,873.6,222.93,87.4,55.4,1,1,1.0
117,4,430.29,129.07,73.54,38.76,1,1,1.0
117,5,861.44,219.73,99.56,57.75,1,1,1.0
118,4,425.39,128.0,72.46,38.12,1,1,1.0
118,5,849.28,216.53,111.72,60.1,1,1,0.9411
119,4,420.48,126.93,71.4,37.48,1,1,1.0
119,5,837.12,213.33,123.88,62.44,1,1,0.8483
120,4,415.57,125.87,70.34,36.84,1,1,1.0
120,5,824.96,210.13,136.04,64.79,1,1,0.8309
121,4,410.67,124.8,69.26,36.2,1,1,1.0
121,5,812.8,206.93,148.2,67.14,1,1,0.8473
122,4,406.61,123.73,68.63,35.99,1,1,1.0
122,5,801.92,205.23,142.87,63.93,1,1,0.8414
123,4,402.56,122.67,67.99,35.77,1,1,1.0
123,5,791.04,203.52,140.73,60.73,1,1,0.8379
124,4,398.51,121.6,67.34,35.56,1,1,1.0
124,5,780.16,201.81,138.6,57.54,1,1,0.8499
125,4,394.45,120.53,66.71,35.35,1,1,1.0
125,5,769.28,200.11,136.47,54.33,1,1,0.8461
126,4,390.4,119.47,66.07,35.13,1,1,1.0
126,5,758.4,198.4,134.33,51.13,1,1,0.8453
127,4,386.77,119.47,64.79,34.28,1,1,1.0
127,5,748.16,197.12,132.84,51.35,1,1,0.8446
128,4,383.15,119.47,63.5,33.42,1,1,1.0
128,5,737.92,195.84,131.35,51.56,1,1,0.8569
129,4,379.52,119.47,62.23,32.57,1,1,1.0
129,5,727.68,194.56,129.85,51.77,1,1,0.8691
130,4,375.89,119.47,60.95,31.72,1,1,1.0
130,5,717.44,193.28,128.36,51.99,1,1,0.9557
131,4,372.27,119.47,59.66,30.86,1,1,1.0
131,5,707.2,192.0,126.87,52.2,1,1,1.0
132,4,368.43,119.04,59.24,30.87,1,1,1.0
132,5,699.31,189.65,124.52,52.42,1,1,1.0
133,4,364.59,118.61,58.81,30.87,1,1,1.0
133,5,691.41,187.31,122.18,52.62,1,1,1.0
134,4,360.75,118.19,58.38,30.86,1,1,1.0
134,5,683.52,184.96,119.83,52.84,1,1,1.0
135,4,356.91,117.76,57.96,30.87,1,1,1.0
135,5,675.63,182.61,117.48,53.06,1,1,1.0
136,4,353.07,117.33,57.53,30.87,1,1,1.0
136,5,667.73,180.27,115.14,53.26,1,1,1.0
137,4,349.87,116.91,57.1,29.8,1,1,1.0
137,5,660.05,178.56,114.07,51.99,1,1,1.0
138,4,346.67,116.48,56.68,28.73,1,1,1.0
138,5,652.37,176.85,113.0,50.71,1,1,1.0
139,4,343.47,116.05,56.25,27.67,1,1,1.0
139,5,644.69,175.15,111.94,49.42,1,1,1.0
140,4,340.27,115.63,55.82,26.6,1,1,1.0
140,5,637.01,173.44,110.87,48.15,1,1,1.0
141,4,337.07,115.2,55.4,25.53,1,1,1.0
141,5,629.33,171.73,109.8,46.87,1,1,1.0
142,5,622.72,170.24,108.52,46.23,1,1,1.0
143,5,616.11,168.75,107.24,45.58,1,1,1.0
144,5,609.49,167.25,105.96,44.95,1,1,1.0
145,5,602.88,165.76,104.68,44.31,1,1,1.0
146,5,596.27,164.27,103.4,43.66,1,1,1.0
147,5,590.51,163.41,101.9,43.67,1,1,1.0
148,5,584.75,162.56,100.41,43.67,1,1,1.0
149,5,578.99,161.71,98.92,43.66,1,1,1.0
150,5,573.23,160.85,97.42,43.67,1,1,1.0
151,5,567.47,160.0,95.93,43.67,1,1,1.0
152,5,561.49,158.51,95.51,42.81,1,1,1.0
153,5,555.52,157.01,95.08,41.96,1,1,1.0
154,5,549.55,155.52,94.65,41.11,1,1,1.0
155,5,543.57,154.03,94.23,40.25,1,1,1.0
156,5,537.6,152.53,93.8,39.4,1,1,1.0
157,5,532.48,151.89,92.09,38.76,1,1,1.0
158,5,527.36,151.25,90.39,38.12,1,1,1.0
159,5,522.24,150.61,88.68,37.48,1,1,1.0
160,5,517.12,149.97,86.97,36.84,1,1,1.0
161,5,512.0,149.33,85.27,36.2,1,1,1.0
162,5,506.03,148.27,84.2,36.41,1,1,1.0
163,5,500.05,147.2,83.14,36.63,1,1,1.0
164,5,494.08,146.13,82.07,36.84,1,1,1.0
165,5,488.11,145.07,81.0,37.05,1,1,1.0
166,5,482.13,144.0,79.94,37.27,1,1,1.0
167,5,477.44,142.93,78.65,36.84,1,1,1.0
168,5,472.75,141.87,77.37,36.41,1,1,1.0
169,5,468.05,140.8,76.1,35.99,1,1,1.0
170,5,463.36,139.73,74.81,35.56,1,1,1.0
171,5,458.67,138.67,73.53,35.13,1,1,1.0
172,5,454.19,137.81,73.1,35.35,1,1,1.0
173,5,449.71,136.96,72.68,35.56,1,1,1.0
174,5,445.23,136.11,72.25,35.77,1,1,1.0
175,5,440.75,135.25,71.82,35.99,1,1,1.0
176,5,436.27,134.4,71.4,36.2,1,1,1.0
177,5,431.36,133.97,71.4,36.2,1,1,1.0
178,5,426.45,133.55,71.4,36.2,1,1,1.0
179,5,421.55,133.12,71.4,36.2,1,1,1.0
180,5,416.64,132.69,71.4,36.2,1,1,1.0
181,5,411.73,132.27,71.4,36.2,1,1,1.0
182,5,408.75,131.63,69.69,35.56,1,1,1.0
183,5,405.76,130.99,67.99,34.92,1,1,1.0
184,5,402.77,130.35,66.28,34.28,1,1,1.0
185,5,399.79,129.71,64.57,33.64,1,1,1.0
186,5,396.8,129.07,62.87,33.0,1,1,1.0
187,5,393.17,128.43,62.44,32.14,1,1,1.0
188,5,389.55,127.79,62.01,31.29,1,1,1.0
189,5,385.92,127.15,61.59,30.44,1,1,1.0
190,5,382.29,126.51,61.16,29.58,1,1,1.0
191,5,378.67,125.87,60.73,28.73,1,1,1.0
192,5,376.11,125.01,60.09,28.95,1,1,1.0
193,5,373.55,124.16,59.45,29.16,1,1,1.0
194,5,370.99,123.31,58.81,29.37,1,1,1.0
195,5,368.43,122.45,58.17,29.59,1,1,1.0
196,5,365.87,121.6,57.53,29.8,1,1,1.0
197,5,362.67,121.17,56.89,28.95,1,1,1.0
198,5,359.47,120.75,56.25,28.09,1,1,1.0
199,5,356.27,120.32,55.61,27.24,1,1,1.0
200,5,353.07,119.89,54.97,26.39,1,1,1.0
201,5,349.87,119.47,54.33,25.53,1,1,1.0
202,5,347.31,118.19,53.69,27.02,1,1,1.0
203,5,344.75,116.91,53.05,28.52,1,1,1.0
204,5,342.19,115.63,52.41,30.01,1,1,1.0
205,5,339.63,114.35,51.77,31.5,1,1,1.0
206,5,337.07,113.07,51.13,33.0,1,1,1.0
261,6,935.47,238.93,25.53,41.54,1,1,1.0
262,6,919.89,235.31,41.11,45.58,1,1,1.0
263,6,904.32,231.68,56.68,49.64,1,1,1.0
264,6,888.75,228.05,72.25,53.7,1,1,1.0
265,6,873.17,224.43,87.83,57.74,1,1,1.0
266,6,857.6,220.8,103.4,61.8,1,1,1.0
267,6,843.95,217.81,117.05,62.23,1,1,0.8552
268,6,830.29,214.83,130.71,62.65,1,1,0.7712
269,6,816.64,211.84,131.56,63.08,1,1,0.7195
270,6,802.99,208.85,138.81,63.51,1,1,0.7524
271,6,789.33,205.87,146.07,63.93,1,1,0.7745
272,6,777.17,203.31,144.15,61.8,1,1,0.7877
273,6,765.01,200.75,142.23,59.66,1,1,0.782
274,6,752.85,198.19,140.31,57.53,1,1,0.7959
275,6,740.69,195.63,138.39,55.4,1,1,0.792
276,6,728.53,193.07,136.47,53.26,1,1,0.8056
277,6,718.08,190.51,133.69,53.05,1,1,0.8833
278,6,707.63,187.95,130.92,52.84,1,1,0.9931
279,6,697.17,185.39,128.15,52.62,1,1,1.0
280,6,686.72,182.83,125.37,52.41,1,1,1.0
281,6,676.27,180.27,122.6,52.2,1,1,1.0
282,6,666.24,177.71,120.89,51.34,1,1,1.0
283,6,656.21,175.15,119.19,50.49,1,1,1.0
284,6,646.19,172.59,117.48,49.64,1,1,1.0
285,6,636.16,170.03,115.77,48.78,1,1,1.0
286,6,626.13,167.47,114.07,47.93,1,1,1.0
287,6,617.39,165.55,111.93,47.5,1,1,1.0
288,6,608.64,163.63,109.8,47.08,1,1,1.0
289,6,599.89,161.71,107.67,46.65,1,1,1.0
290,6,591.15,159.79,105.53,46.22,1,1,1.0
291,6,582.4,157.87,103.4,45.8,1,1,1.0
292,6,575.15,156.37,101.26,45.38,1,1,1.0
293,6,567.89,154.88,99.14,44.95,1,1,1.0
294,6,560.64,153.39,97.0,44.52,1,1,1.0
295,6,553.39,151.89,94.86,44.1,1,1,1.0
296,6,546.13,150.4,92.74,43.67,1,1,1.0
297,6,539.09,149.33,91.03,42.82,1,1,1.0
298,6,532.05,148.27,89.32,41.96,1,1,1.0
299,6,525.01,147.2,87.62,41.11,1,1,1.0
300,6,517.97,146.13,85.91,40.26,1,1,1.0
301,6,510.93,145.07,84.2,39.4,1,1,1.0
302,6,504.53,144.0,83.56,38.55,1,1,1.0
303,6,498.13,142.93,82.92,37.7,1,1,1.0
304,6,491.73,141.87,82.28,36.84,1,1,1.0
305,6,485.33,140.8,81.64,35.99,1,1,1.0
306,6,478.93,139.73,81.0,35.14,1,1,1.0
307,6,473.39,138.88,79.29,35.13,1,1,1.0
308,6,467.84,138.03,77.59,35.13,1,1,1.0
309,6,462.29,137.17,75.88,35.14,1,1,1.0
310,6,456.75,136.32,74.17,35.13,1,1,1.0
311,6,451.2,135.47,72.47,35.13,1,1,1.0
312,6,445.65,134.61,72.47,34.71,1,1,1.0
313,6,440.11,133.76,72.46,34.28,1,1,1.0
314,6,434.56,132.91,72.47,33.85,1,1,1.0
315,6,429.01,132.05,72.47,33.43,1,1,1.0
316,6,423.47,131.2,72.46,33.0,1,1,1.0
317,6,419.2,130.56,71.4,32.15,1,1,1.0
318,6,414.93,129.92,70.34,31.29,1,1,1.0
319,6,410.67,129.28,69.26,30.44,1,1,1.0
320,6,406.4,128.64,68.2,29.59,1,1,1.0
321,6,402.13,128.0,67.14,28.73,1,1,1.0
322,6,398.08,126.93,65.85,28.95,1,1,1.0
323,6,394.03,125.87,64.57,29.16,1,1,1.0
324,6,389.97,124.8,63.3,29.37,1,1,1.0
325,6,385.92,123.73,62.01,29.59,1,1,1.0
326,6,381.87,122.67,60.73,29.8,1,1,1.0
327,6,378.24,121.6,59.45,30.23,1,1,1.0
328,6,374.61,120.53,58.18,30.66,1,1,1.0
329,6,370.99,119.47,56.89,31.08,1,1,1.0
330,6,367.36,118.4,55.61,31.51,1,1,1.0
331,6,363.73,117.33,54.34,31.94,1,1,1.0
332,6,360.53,116.69,54.12,31.72,1,1,1.0
333,6,357.33,116.05,53.91,31.51,1,1,1.0
334,6,354.13,115.41,53.7,31.3,1,1,1.0
335,6,350.93,114.77,53.48,31.08,1,1,1.0
336,6,347.73,114.13,53.27,30.87,1,1,1.0
337,6,344.53,113.49,52.42,30.66,1,1,1.0
338,6,341.33,112.85,51.56,30.44,1,1,1.0
339,6,338.13,112.21,50.71,30.23,1,1,1.0
340,6,334.93,111.57,49.86,30.02,1,1,1.0
341,6,331.73,110.93,49.0,29.8,1,1,1.0
511,7,172.8,149.33,60.73,42.6,1,1,0.8865
512,7,175.36,150.4,61.59,43.03,1,1,0.9196
513,7,177.92,151.47,62.44,43.45,1,1,0.957
514,7,180.48,152.53,63.29,43.88,1,1,1.0
515,7,183.04,153.6,64.15,44.31,1,1,1.0
516,7,185.6,154.67,65.0,44.73,1,1,1.0
517,7,188.37,155.73,65.86,44.74,1,1,1.0
518,7,191.15,156.8,66.7,44.73,1,1,1.0
519,7,193.92,157.87,67.56,44.73,1,1,1.0
520,7,196.69,158.93,68.42,44.74,1,1,1.0
521,7,199.47,160.0,69.26,44.73,1,1,1.0
522,7,202.45,161.49,69.7,45.38,1,1,1.0
523,7,205.44,162.99,70.12,46.01,1,1,1.0
524,7,208.43,164.48,70.54,46.65,1,1,1.0
525,7,211.41,165.97,70.98,47.3,1,1,1.0
526,7,214.4,167.47,71.4,47.93,1,1,1.0
527,7,216.96,168.53,73.11,49.0,1,1,1.0
528,7,219.52,169.6,74.81,50.07,1,1,1.0
529,7,222.08,170.67,76.52,51.13,1,1,1.0
530,7,224.64,171.73,78.23,52.2,1,1,1.0
531,7,227.2,172.8,79.93,53.27,1,1,1.0
532,7,231.89,174.51,80.36,53.69,1,1,1.0
533,7,236.59,176.21,80.78,54.12,1,1,1.0
534,7,241.28,177.92,81.21,54.55,1,1,1.0
535,7,245.97,179.63,81.64,54.97,1,1,1.0
536,7,250.67,181.33,82.06,55.4,1,1,1.0
537,7,254.51,183.25,83.56,55.62,1,1,1.0
538,7,258.35,185.17,85.05,55.83,1,1,1.0
539,7,262.19,187.09,86.54,56.04,1,1,1.0
540,7,266.03,189.01,88.04,56.26,1,1,1.0
541,7,269.87,190.93,89.53,56.47,1,1,1.0
542,7,274.77,192.64,91.24,57.96,1,1,1.0
543,7,279.68,194.35,92.95,59.45,1,1,1.0
544,7,284.59,196.05,94.65,60.95,1,1,1.0
545,7,289.49,197.76,96.36,62.44,1,1,1.0
546,7,294.4,199.47,98.07,63.93,1,1,1.0
547,7,299.31,201.17,100.84,64.58,1,1,1.0
548,7,304.21,202.88,103.62,65.21,1,1,1.0
549,7,309.12,204.59,106.39,65.85,1,1,1.0
550,7,314.03,206.29,109.16,66.5,1,1,1.0
551,7,318.93,208.0,111.94,67.13,1,1,1.0
552,7,325.55,209.92,113.42,69.27,1,1,1.0
553,7,332.16,211.84,114.92,71.4,1,1,1.0
554,7,338.77,213.76,116.42,73.53,1,1,1.0
555,7,345.39,215.68,117.9,75.67,1,1,1.0
556,7,352.0,217.6,119.4,77.8,1,1,1.0
557,7,359.04,220.59,122.6,78.22,1,1,1.0
558,7,366.08,223.57,125.8,78.66,1,1,1.0
559,7,373.12,226.56,129.0,79.08,1,1,1.0
560,7,380.16,229.55,132.2,79.5,1,1,1.0
561,7,387.2,232.53,135.4,79.94,1,1,1.0
562,7,396.16,235.09,138.39,81.64,1,1,1.0
563,7,405.12,237.65,141.37,83.35,1,1,1.0
564,7,414.08,240.21,144.36,85.06,1,1,1.0
565,7,423.04,242.77,147.35,86.76,1,1,1.0
566,7,432.0,245.33,150.33,88.47,1,1,1.0
567,7,441.6,248.32,153.75,90.17,1,1,1.0
568,7,451.2,251.31,157.16,91.88,1,1,1.0
569,7,460.8,254.29,160.57,93.59,1,1,1.0
570,7,470.4,257.28,163.99,95.29,1,1,0.9852
571,7,480.0,260.27,167.4,97.0,1,1,0.9403
572,7,490.45,264.11,172.95,99.98,1,1,0.8739
573,7,500.91,267.95,178.49,102.97,1,1,0.8611
574,7,511.36,271.79,184.04,105.96,1,1,0.8582
575,7,521.81,275.63,189.59,108.94,1,1,0.8533
576,7,532.27,279.47,195.13,111.93,1,1,0.851
577,7,545.71,284.16,197.69,114.49,1,1,0.8444
578,7,559.15,288.85,200.25,117.06,1,1,0.8389
579,7,572.59,293.55,202.81,119.61,1,1,0.8341
580,7,586.03,298.24,205.37,122.17,1,1,0.2258
581,7,599.47,302.93,207.93,124.74,1,1,0.1701
582,7,615.68,308.27,217.32,129.42,1,1,0.0709
583,7,631.89,313.6,226.71,134.12,1,1,0.0596
584,7,648.11,318.93,236.09,138.82,1,1,0.1686
585,7,664.32,324.27,245.48,143.5,1,1,0.7434
586,7,680.53,329.6,254.87,148.2,1,1,0.7535
587,7,698.67,336.21,243.34,145.86,1,1,0.7411
588,7,716.8,342.83,231.83,143.5,1,1,0.739
589,7,734.93,349.44,226.07,141.16,1,1,0.7312
590,7,753.07,356.05,207.93,138.82,1,1,0.697
591,7,771.2,362.67,189.8,136.46,1,1,0.6684
592,7,794.03,370.56,166.97,131.77,1,1,0.6708
593,7,816.85,378.45,144.15,127.08,1,1,0.7858
594,7,839.68,386.35,121.32,122.38,1,1,0.9887
595,7,862.51,394.24,98.49,117.69,1,1,1.0
596,7,885.33,402.13,75.67,113.0,1,1,1.0
656,8,855.47,218.67,105.53,62.86,1,1,0.6993
657,8,837.97,215.68,123.03,61.37,1,1,0.2325
658,8,820.48,212.69,121.53,59.88,1,1,0.2222
659,8,802.99,209.71,129.0,58.38,1,1,0.2827
660,8,785.49,206.72,136.47,56.89,1,1,0.3838
661,8,768.0,203.73,143.93,55.4,1,1,0.4137
662,8,753.07,200.53,140.3,54.34,1,1,0.3371
663,8,738.13,197.33,136.68,53.27,1,1,0.2135
664,8,723.2,194.13,133.05,52.2,1,1,0.0605
665,8,708.27,190.93,129.42,51.14,1,1,0.0261
666,8,693.33,187.73,125.8,50.07,1,1,0.862
667,8,681.39,185.39,122.81,49.64,1,1,0.8785
668,8,669.44,183.04,119.83,49.21,1,1,0.8733
669,8,657.49,180.69,116.84,48.79,1,1,0.8746
670,8,645.55,178.35,113.85,48.36,1,1,0.8638
671,8,633.6,176.0,110.87,47.93,1,1,0.8631
672,8,622.93,173.65,108.95,46.87,1,1,0.8701
673,8,612.27,171.31,107.02,45.8,1,1,0.8996
674,8,601.6,168.96,105.11,44.73,1,1,0.9292
675,8,590.93,166.61,103.19,43.67,1,1,0.932
676,8,580.27,164.27,101.26,42.6,1,1,0.9511
677,8,571.73,162.13,98.71,41.96,1,1,0.9544
678,8,563.2,160.0,96.15,41.32,1,1,0.9736
679,8,554.67,157.87,93.58,40.68,1,1,0.9757
680,8,546.13,155.73,91.03,40.04,1,1,0.9743
681,8,537.6,153.6,88.47,39.4,1,1,0.9888
682,8,529.49,151.68,86.98,39.19,1,1,0.9891
683,8,521.39,149.76,85.48,38.97,1,1,0.9893
684,8,513.28,147.84,83.99,38.76,1,1,0.9987
685,8,505.17,145.92,82.5,38.55,1,1,0.9993
686,8,497.07,144.0,81.0,38.33,1,1,0.9995
687,8,490.67,143.36,79.29,37.27,1,1,0.9991
688,8,484.27,142.72,77.58,36.2,1,1,1.0
689,8,477.87,142.08,75.88,35.13,1,1,1.0
690,8,471.47,141.44,74.17,34.07,1,1,1.0
691,8,465.07,140.8,72.46,33.0,1,1,1.0
692,8,458.67,139.52,71.61,32.79,1,1,1.0
693,8,452.27,138.24,70.76,32.57,1,1,1.0
694,8,445.87,136.96,69.9,32.36,1,1,1.0
695,8,439.47,135.68,69.05,32.15,1,1,1.0
696,8,433.07,134.4,68.2,31.93,1,1,1.0
697,8,428.37,132.48,66.92,32.57,1,1,1.0
698,8,423.68,130.56,65.64,33.21,1,1,1.0
699,8,418.99,128.64,64.36,33.85,1,1,1.0
700,8,414.29,126.72,63.08,34.49,1,1,1.0
701,8,409.6,124.8,61.8,35.13,1,1,1.0
702,8,404.27,124.59,61.37,33.85,1,1,1.0
703,8,398.93,124.37,60.95,32.58,1,1,1.0
704,8,393.6,124.16,60.52,31.29,1,1,1.0
705,8,388.27,123.95,60.09,30.01,1,1,1.0
706,8,382.93,123.73,59.67,28.74,1,1,1.0
707,8,379.31,122.67,58.38,28.94,1,1,1.0
708,8,375.68,121.6,57.11,29.16,1,1,1.0
709,8,372.05,120.53,55.83,29.38,1,1,1.0
710,8,368.43,119.47,54.54,29.58,1,1,1.0
711,8,364.8,118.4,53.27,29.8,1,1,1.0
712,8,361.17,117.76,52.84,28.73,1,1,1.0
713,8,357.55,117.12,52.41,27.67,1,1,1.0
714,8,353.92,116.48,51.99,26.6,1,1,1.0
715,8,350.29,115.84,51.56,25.53,1,1,1.0
716,8,346.67,115.2,51.13,24.47,1,1,1.0
721,9,185.6,149.33,59.67,40.47,1,1,1.0
722,9,188.37,150.83,60.1,40.46,1,1,1.0
723,9,191.15,152.32,60.52,40.47,1,1,1.0
724,9,193.92,153.81,60.95,40.47,1,1,1.0
725,9,196.69,155.31,61.38,40.46,1,1,1.0
726,9,199.47,156.8,61.8,40.47,1,1,1.0
727,9,202.45,157.87,63.94,42.38,1,1,1.0
728,9,205.44,158.93,66.07,44.31,1,1,1.0
729,9,208.43,160.0,68.2,46.23,1,1,1.0
730,9,211.41,161.07,70.34,48.14,1,1,1.0
731,9,214.4,162.13,72.47,50.07,1,1,1.0
732,9,218.45,163.41,72.9,50.07,1,1,1.0
733,9,222.51,164.69,73.32,50.07,1,1,1.0
734,9,226.56,165.97,73.75,50.07,1,1,1.0
735,9,230.61,167.25,74.18,50.07,1,1,1.0
736,9,234.67,168.53,74.6,50.07,1,1,1.0
737,9,238.93,170.88,76.52,49.43,1,1,1.0
738,9,243.2,173.23,78.44,48.78,1,1,1.0
739,9,247.47,175.57,80.36,48.15,1,1,1.0
740,9,251.73,177.92,82.28,47.51,1,1,1.0
741,9,256.0,180.27,84.2,46.86,1,1,1.0
742,9,260.69,182.19,86.55,48.36,1,1,1.0
743,9,265.39,184.11,88.89,49.85,1,1,1.0
744,9,270.08,186.03,91.24,51.34,1,1,1.0
745,9,274.77,187.95,93.59,52.84,1,1,1.0
746,9,279.47,189.87,95.93,54.33,1,1,1.0
747,9,286.08,192.43,97.43,55.82,1,1,1.0
748,9,292.69,194.99,98.92,57.32,1,1,1.0
749,9,299.31,197.55,100.41,58.81,1,1,1.0
750,9,305.92,200.11,101.91,60.3,1,1,1.0
751,9,312.53,202.67,103.4,61.8,1,1,1.0
752,9,319.36,205.87,106.39,63.08,1,1,1.0
753,9,326.19,209.07,109.37,64.36,1,1,1.0
754,9,333.01,212.27,112.36,65.64,1,1,1.0
755,9,339.84,215.47,115.35,66.92,1,1,1.0
756,9,346.67,218.67,118.33,68.2,1,1,1.0
757,9,354.35,221.87,122.17,69.69,1,1,1.0
758,9,362.03,225.07,126.01,71.18,1,1,1.0
759,9,369.71,228.27,129.85,72.68,1,1,1.0
760,9,377.39,231.47,133.69,74.17,1,1,1.0
761,9,385.07,234.67,137.53,75.66,1,1,1.0
762,9,396.37,238.51,140.74,78.01,1,1,1.0
763,9,407.68,242.35,143.93,80.36,1,1,1.0
764,9,418.99,246.19,147.13,82.7,1,1,1.0
765,9,430.29,250.03,150.34,85.05,1,1,1.0
766,9,441.6,253.87,153.53,87.4,1,1,1.0
767,9,452.69,258.56,159.51,89.96,1,1,1.0
768,9,463.79,263.25,165.48,92.52,1,1,0.9811
769,9,474.88,267.95,171.45,95.08,1,1,0.911
770,9,485.97,272.64,177.43,97.64,1,1,0.8456
771,9,497.07,277.33,183.4,100.2,1,1,0.8409
772,9,514.13,281.81,187.03,103.4,1,1,0.8246
773,9,531.2,286.29,190.65,106.6,1,1,0.8141
774,9,548.27,290.77,194.28,109.8,1,1,0.8088
775,9,565.33,295.25,197.91,113.0,1,1,0.8042
776,9,582.4,299.73,201.53,116.2,1,1,0.1984
777,9,600.11,307.2,213.05,119.61,1,1,0.0908
778,9,617.81,314.67,224.58,123.02,1,1,0.0303
779,9,635.52,322.13,236.09,126.44,1,1,0.1486
780,9,653.23,329.6,247.61,129.85,1,1,0.2658
781,9,670.93,337.07,259.14,133.26,1,1,0.7662
782,9,695.04,343.25,242.71,135.62,1,1,0.7501
783,9,719.15,349.44,226.28,137.96,1,1,0.7323
784,9,743.25,355.63,217.75,140.3,1,1,0.7206
785,9,767.36,361.81,193.64,142.66,1,1,0.6854
786,9,791.47,368.0,169.53,145.0,1,1,0.7346
